0 503027368138108530 18392579008712278471 16759792958453030887
1 17255904268649915232 18392579008712278471 9931517938563476895
2 12905105466731189442 18392579008712278471 6504910491574298043
3 9183348141329530393 18392579008712278471 2972522600745373299
4 1241026072540165170 18392579008712278471 16091874484310999459
5 3191915339262505852 18392579008712278471 7697351556324095795
6 2857900293159500575 18392579008712278471 655604537481181707
7 17444483966305870869 18392579008712278471 10530154588915791911
8 9319265396434946773 18392579008712278471 17071037647462168391
9 3654177347152069328 18392579008712278471 16910820147816000191
10 13545324790911205182 18392579008712278471 15131254197789513103
11 16105173647505329335 18392579008712278471 12858005258014005763
12 14293766008795175822 18392579008712278471 4064922773421958063
13 4873571785622718018 18392579008712278471 9058697933554365695
14 1894956920500364641 18392579008712278471 15935763586884879199
15 8066169643061897311 18392579008712278471 1978183290434918251
16 12889487665657912794 18392579008712278471 2684295954553130643
17 7525171956032725673 18392579008712278471 12069841872486280411
18 4535680598501411523 18392579008712278471 11966797788354956019
19 4570219272561693825 18392579008712278471 6705495787336051291
20 3713859378963990256 18392579008712278471 11969704078878332747
21 359598278941983740 18392579008712278471 4792710630406694035
22 132191393672656329 18392579008712278471 7853561078904697375
23 12560166674740870843 18392579008712278471 3536487022350760199
24 2609310144451412900 18392579008712278471 14867559662940600731
25 4865098321471997992 18392579008712278471 1020016906503182819
26 12936272242969766048 18392579008712278471 13077417602551860343
27 4511604977376745365 18392579008712278471 9611776869821530819
28 12238937615960260763 18392579008712278471 2981535670130648427
29 15432468408258434977 18392579008712278471 11354872947010627159
30 3986850909976583571 18392579008712278471 1950144028157643035
31 7403614276218990779 18392579008712278471 4782476568756793431
32 1733913056559647723 18392579008712278471 13745650739092014175
33 9889472184660930849 18392579008712278471 5013582863366776555
34 15164658392084423533 18392579008712278471 10057026259407438831
35 4828880665997985892 18392579008712278471 15138341665484329947
36 4403666745660033630 18392579008712278471 12487049815898379463
37 10583954753754163020 18392579008712278471 1652160347071942935
38 16349505093907270478 18392579008712278471 16407783814976310315
39 12038899025021080448 18392579008712278471 5467838447837712367
40 9299654502476200173 18392579008712278471 15944868813379208279
41 6159712292827165373 18392579008712278471 14202880905828614075
42 728953166252441371 18392579008712278471 12628221311000661147
43 6048159517903785516 18392579008712278471 17500122134142871027
44 9082546006165588592 18392579008712278471 2914246204024677931
45 8486930651959995970 18392579008712278471 12720204758811429779
46 1748625303138966372 18392579008712278471 14442768723096486467
47 2398950736245940556 18392579008712278471 14442768723096486467
48 5980901227619077903 18392579008712278471 12720204758811429779
49 9188377854350739010 18392579008712278471 14442768723096486467
50 17576035696840912959 18392579008712278471 14442768723096486467
51 13722491321415020104 18392579008712278471 12720204758811429779
52 2126735846101044621 18392579008712278471 14442768723096486467
53 756665856539589301 18392579008712278471 14442768723096486467
54 3709696198311928097 18392579008712278471 12720204758811429779
55 2046178951791053358 18392579008712278471 14442768723096486467
56 2833053961456910156 18392579008712278471 14442768723096486467
57 4908984027463967101 18392579008712278471 12720204758811429779
58 7475455851265346476 18392579008712278471 14442768723096486467
59 13160461401358119989 18392579008712278471 12720204758811429779
60 15434491261879540503 18392579008712278471 14442768723096486467
61 13654024619724406731 18392579008712278471 14442768723096486467
62 14717071130462121472 18392579008712278471 12720204758811429779
63 18312803454449701774 18392579008712278471 14442768723096486467
64 15900835259147601667 18392579008712278471 14442768723096486467
65 12608297806632999762 18392579008712278471 12720204758811429779
66 318684352057211027 18392579008712278471 14442768723096486467
67 16065783035566130403 18392579008712278471 14442768723096486467
68 683387591772035111 18392579008712278471 12720204758811429779
69 2710415002226545668 18392579008712278471 14442768723096486467
70 11623794571312254575 18392579008712278471 14442768723096486467
71 9195686268634713075 18392579008712278471 12720204758811429779
72 18375134859443281618 18392579008712278471 14442768723096486467
73 521672014521103179 18392579008712278471 14442768723096486467
74 2354546195349416705 18392579008712278471 12720204758811429779
75 14876440862705039617 18392579008712278471 14442768723096486467
76 14314695186171127212 18392579008712278471 14442768723096486467
77 14636422749968495397 18392579008712278471 12720204758811429779
78 6147170584802095796 18392579008712278471 14442768723096486467
79 12172091060894677745 18392579008712278471 12720204758811429779
80 11703650602311600879 18392579008712278471 14442768723096486467
81 3126009141050242949 18392579008712278471 14442768723096486467
82 10945477376561173012 18392579008712278471 12720204758811429779
83 6885183482157228798 18392579008712278471 14442768723096486467
84 8373512434421459773 18392579008712278471 14442768723096486467
85 18093027686232885689 18392579008712278471 12720204758811429779
86 6022209529424979691 18392579008712278471 14442768723096486467
87 18433011078696794669 18392579008712278471 14442768723096486467
88 17336275995549859549 18392579008712278471 12720204758811429779
89 5972423039452490439 18392579008712278471 14442768723096486467
90 6530988200426800773 18392579008712278471 14442768723096486467
91 8201479750112325948 18392579008712278471 12720204758811429779
92 14508499655928857183 18392579008712278471 14442768723096486467
93 8139542212559939252 18392579008712278471 14442768723096486467
94 16864408546463398549 18392579008712278471 12720204758811429779
95 12479167466483247491 18392579008712278471 14442768723096486467
96 4218545870274076245 18392579008712278471 14442768723096486467
97 10250779716480275298 18392579008712278471 12720204758811429779
98 3887447090851073298 18392579008712278471 14442768723096486467
99 10182794362658279130 18392579008712278471 12720204758811429779
100 10461384676108506839 18392579008712278471 14442768723096486467
101 10938372079826080867 18392579008712278471 14442768723096486467
102 7078908267473495820 18392579008712278471 12720204758811429779
103 13860256529227908439 18392579008712278471 14442768723096486467
104 4346479618278484640 18392579008712278471 14442768723096486467
105 2260184038260172413 18392579008712278471 12720204758811429779
106 13256489513062197727 18392579008712278471 14442768723096486467
107 2720524011437611065 18392579008712278471 14442768723096486467
108 3767463031067311545 18392579008712278471 12720204758811429779
109 1636011664398670705 18392579008712278471 14442768723096486467
110 211676662541100645 18392579008712278471 14442768723096486467
111 1838156107102444213 18392579008712278471 12720204758811429779
112 15065155276907530685 18392579008712278471 14442768723096486467
113 18118635085625534031 18392579008712278471 14442768723096486467
114 12164065307929135040 18392579008712278471 12720204758811429779
115 431075196893805978 18392579008712278471 14442768723096486467
116 16862674052489197623 18392579008712278471 14442768723096486467
117 12325655678358658660 18392579008712278471 12720204758811429779
118 4329573432135069110 18392579008712278471 14442768723096486467
119 6933605476543190094 18392579008712278471 12720204758811429779
120 10356071778806779977 18392579008712278471 14442768723096486467
121 12487208309784407616 18392579008712278471 14442768723096486467
122 17818228432511402168 18392579008712278471 12720204758811429779
123 8658051380642699344 18392579008712278471 14442768723096486467
124 13931138574483439392 18392579008712278471 14442768723096486467
125 297943554601602562 18392579008712278471 12720204758811429779
126 14519526782846469632 18392579008712278471 14442768723096486467
127 4602091796922373279 18392579008712278471 14442768723096486467
128 3364979531640660900 18392579008712278471 12720204758811429779
129 7796404855139169406 18392579008712278471 14442768723096486467
130 14199550612949088241 18392579008712278471 14442768723096486467
131 15372173189660174460 18392579008712278471 12720204758811429779
132 10207127081472874937 18392579008712278471 14442768723096486467
133 842704044086642195 18392579008712278471 14442768723096486467
134 10975582262809680477 18392579008712278471 12720204758811429779
135 5855171980526088876 18392579008712278471 14442768723096486467
136 3517006210200030065 18392579008712278471 14442768723096486467
137 13775669362251782178 18392579008712278471 12720204758811429779
138 12023024513990450499 18392579008712278471 14442768723096486467
139 8457934434667841734 18392579008712278471 12720204758811429779
140 4552783918049743162 18392579008712278471 14442768723096486467
141 6504587936280770134 18392579008712278471 14442768723096486467
142 5891436971410805678 18392579008712278471 12720204758811429779
143 2014330085017994604 18392579008712278471 14442768723096486467
144 7336893076426257524 18392579008712278471 14442768723096486467
145 8596651756564800852 18392579008712278471 12720204758811429779
146 9663308098362273971 18392579008712278471 14442768723096486467
147 11625410781004570527 18392579008712278471 14442768723096486467
148 18072764949583034304 18392579008712278471 12720204758811429779
149 17284572663570679695 18392579008712278471 14442768723096486467
150 14117639802248543330 18392579008712278471 14442768723096486467
151 407312095463375669 18392579008712278471 12720204758811429779
152 4581829298616078125 18392579008712278471 14442768723096486467
153 11757100995587019027 18392579008712278471 14442768723096486467
154 4582306519821431989 18392579008712278471 12720204758811429779
155 5057425084023327369 18392579008712278471 14442768723096486467
156 17375777093479270583 18392579008712278471 14442768723096486467
157 7708707312210553555 18392579008712278471 12720204758811429779
158 10804536983868737332 18392579008712278471 14442768723096486467
159 10382865012066448503 18392579008712278471 12720204758811429779
160 15052856807327153483 18392579008712278471 14442768723096486467
161 14178315187394928125 18392579008712278471 14442768723096486467
162 8917192225857118311 18392579008712278471 12720204758811429779
163 2426754536678921765 18392579008712278471 14442768723096486467
164 9285980827688896738 18392579008712278471 14442768723096486467
165 682740478436518238 18392579008712278471 12720204758811429779
166 8972435825466524325 18392579008712278471 14442768723096486467
167 15288859628376474750 18392579008712278471 14442768723096486467
168 1867980271843014975 18392579008712278471 12720204758811429779
169 14987849998561399708 18392579008712278471 14442768723096486467
170 17275085506111462841 18392579008712278471 14442768723096486467
171 13004531400223922438 18392579008712278471 12720204758811429779
172 13542317144576083927 18392579008712278471 14442768723096486467
173 13016778633995727036 18392579008712278471 14442768723096486467
174 15001664270201775072 18392579008712278471 12720204758811429779
175 15574793007362063522 18392579008712278471 14442768723096486467
176 8895655297578661074 18392579008712278471 14442768723096486467
177 2772142707410235218 18392579008712278471 12720204758811429779
178 14062855784416804884 18392579008712278471 14442768723096486467
179 1845253141856202959 18392579008712278471 12720204758811429779
180 272199280016560599 18392579008712278471 14442768723096486467
181 17622505589636090925 18392579008712278471 14442768723096486467
182 14804717371983102325 18392579008712278471 12720204758811429779
183 17742263246017766786 18392579008712278471 14442768723096486467
184 8826653603081569000 18392579008712278471 14442768723096486467
185 1719080771776924542 18392579008712278471 12720204758811429779
186 513347087816153953 18392579008712278471 14442768723096486467
187 3648555505372112291 18392579008712278471 14442768723096486467
188 12262759631252248052 18392579008712278471 12720204758811429779
189 14274709925257136747 18392579008712278471 14442768723096486467
190 16309647907364644385 18392579008712278471 14442768723096486467
191 816252136172717597 18392579008712278471 12720204758811429779
192 10149747690416398182 18392579008712278471 14442768723096486467
193 10898798145414247101 18392579008712278471 14442768723096486467
194 6209177575467336799 18392579008712278471 12720204758811429779
195 664623167520828861 18392579008712278471 14442768723096486467
196 9369076784141498120 18392579008712278471 14442768723096486467
197 14765414408256171242 18392579008712278471 12720204758811429779
198 17121842325574366481 18392579008712278471 14442768723096486467
199 1347614832977268854 18392579008712278471 12720204758811429779
200 12817831559624351011 18392579008712278471 14442768723096486467
201 1478695487142086630 18392579008712278471 14442768723096486467
202 17636829075555078849 18392579008712278471 12720204758811429779
203 3414592269965691544 18392579008712278471 14442768723096486467
204 6203474451282285473 18392579008712278471 14442768723096486467
205 17115740144272172010 18392579008712278471 12720204758811429779
206 3042991400473806324 18392579008712278471 14442768723096486467
207 13980572937134482419 18392579008712278471 14442768723096486467
208 2545388649868095173 18392579008712278471 12720204758811429779
209 9004472035082587962 18392579008712278471 14442768723096486467
210 12990952157432822855 18392579008712278471 14442768723096486467
211 12804636704754585802 18392579008712278471 12720204758811429779
212 10397348311758941083 18392579008712278471 14442768723096486467
213 692035524551741690 18392579008712278471 14442768723096486467
214 8282104132485701230 18392579008712278471 12720204758811429779
215 7990518968547804473 18392579008712278471 14442768723096486467
216 9105392116726239253 18392579008712278471 14442768723096486467
217 15434478775542298996 18392579008712278471 12720204758811429779
218 14596335374905546712 18392579008712278471 14442768723096486467
219 4868169154443920393 18392579008712278471 12720204758811429779
220 14632480539714539064 18392579008712278471 14442768723096486467
221 559839874828179059 18392579008712278471 14442768723096486467
222 8074980777128831127 18392579008712278471 12720204758811429779
223 10042733290882781592 18392579008712278471 14442768723096486467
224 4082955613890496261 18392579008712278471 14442768723096486467
225 2398086776416311369 18392579008712278471 12720204758811429779
226 9482276922392739990 18392579008712278471 14442768723096486467
227 14593500115177401755 18392579008712278471 14442768723096486467
228 4481527450891888685 18392579008712278471 12720204758811429779
229 808405976517433840 18392579008712278471 14442768723096486467
230 4071220970016135311 18392579008712278471 14442768723096486467
231 12839902709468191715 18392579008712278471 12720204758811429779
232 8031874817699064127 18392579008712278471 14442768723096486467
233 17871640468152406884 18392579008712278471 14442768723096486467
234 68544626797421572 18392579008712278471 12720204758811429779
235 15983740493868035698 18392579008712278471 14442768723096486467
236 14267340771551027894 18392579008712278471 14442768723096486467
237 1456114166136325137 18392579008712278471 12720204758811429779
238 6147779559416411251 18392579008712278471 14442768723096486467
239 14483743462056121859 18392579008712278471 12720204758811429779
240 7383277882911208049 18392579008712278471 14442768723096486467
241 2085327646386081991 18392579008712278471 14442768723096486467
242 2291058680296317710 18392579008712278471 12720204758811429779
243 10541808849223950255 18392579008712278471 14442768723096486467
244 1057075687089211937 18392579008712278471 14442768723096486467
245 7644905190051528373 18392579008712278471 12720204758811429779
246 17140689734902484601 18392579008712278471 14442768723096486467
247 17035584155842598457 18392579008712278471 14442768723096486467
248 7573018981209475323 18392579008712278471 12720204758811429779
249 16259347826385879193 18392579008712278471 14442768723096486467
250 13251008518291883352 18392579008712278471 14442768723096486467
251 14466109683899315025 18392579008712278471 12720204758811429779
252 15156714626867009002 18392579008712278471 14442768723096486467
253 17115768859486779576 18392579008712278471 14442768723096486467
254 16438185311236552125 18392579008712278471 12720204758811429779
255 533698268403065487 18392579008712278471 14442768723096486467
256 12237449509171930027 18392579008712278471 14442768723096486467
257 16836464885181117389 18392579008712278471 12720204758811429779
258 7931842833437533627 18392579008712278471 14442768723096486467
259 18433885135332960962 18392579008712278471 12720204758811429779
260 3004198712621098747 18392579008712278471 14442768723096486467
261 14906703006624276636 18392579008712278471 14442768723096486467
262 15615667704545817210 18392579008712278471 12720204758811429779
263 9426279517550344110 18392579008712278471 14442768723096486467
264 3212955541883891548 18392579008712278471 14442768723096486467
265 9786005508209057946 18392579008712278471 12720204758811429779
266 15717848048788046144 18392579008712278471 14442768723096486467
267 2615556840904132514 18392579008712278471 14442768723096486467
268 6960324978795946 18392579008712278471 12720204758811429779
269 3440108256053022259 18392579008712278471 14442768723096486467
270 3415720443068665329 18392579008712278471 14442768723096486467
271 1586246657213904192 18392579008712278471 12720204758811429779
272 17162043632288546215 18392579008712278471 14442768723096486467
273 5891743454598868695 18392579008712278471 14442768723096486467
274 4922629346822401207 18392579008712278471 12720204758811429779
275 16054133587078011793 18392579008712278471 14442768723096486467
276 12340571460344949583 18392579008712278471 14442768723096486467
277 9154267201532832876 18392579008712278471 12720204758811429779
278 481781456352628541 18392579008712278471 14442768723096486467
279 9562576653947012027 18392579008712278471 12720204758811429779
280 13575368754601900250 18392579008712278471 14442768723096486467
281 15243693860184529985 18392579008712278471 14442768723096486467
282 6955605298728882674 18392579008712278471 12720204758811429779
283 8398959748173252728 18392579008712278471 14442768723096486467
284 18062205638794847950 18392579008712278471 14442768723096486467
285 11789338487185701833 18392579008712278471 12720204758811429779
286 6787566047809405849 18392579008712278471 14442768723096486467
287 12512028883021123685 18392579008712278471 14442768723096486467
288 11368313275458002471 18392579008712278471 12720204758811429779
289 10828277962176873781 18392579008712278471 14442768723096486467
290 15538973944978244300 18392579008712278471 14442768723096486467
291 8317591362524462110 18392579008712278471 12720204758811429779
292 208809586344238947 18392579008712278471 14442768723096486467
293 11999298317075091977 18392579008712278471 14442768723096486467
294 2454720334950135911 18392579008712278471 12720204758811429779
295 14830742574720037909 18392579008712278471 14442768723096486467
296 14515851884827557786 18392579008712278471 14442768723096486467
297 16619284880052391988 18392579008712278471 12720204758811429779
298 17705438134707407312 18392579008712278471 14442768723096486467
299 8883929424370619499 18392579008712278471 12720204758811429779
300 7209837084619354095 18392579008712278471 14442768723096486467
301 260425831330802506 18392579008712278471 14442768723096486467
302 16030376363473156264 18392579008712278471 12720204758811429779
303 8353846390008740472 18392579008712278471 14442768723096486467
304 14062018235034900084 18392579008712278471 14442768723096486467
305 6678570638069965120 18392579008712278471 12720204758811429779
306 13150957055690036653 18392579008712278471 14442768723096486467
307 9502481248087738402 18392579008712278471 14442768723096486467
308 15176042312941053904 18392579008712278471 12720204758811429779
309 5699853097190945617 18392579008712278471 14442768723096486467
310 11613095697899701360 18392579008712278471 14442768723096486467
311 2433813666520370645 18392579008712278471 12720204758811429779
312 15018738321110939785 18392579008712278471 14442768723096486467
313 10176975516917399776 18392579008712278471 14442768723096486467
314 9776648817742669087 18392579008712278471 12720204758811429779
315 8495257132421924513 18392579008712278471 14442768723096486467
316 1337303678384417860 18392579008712278471 14442768723096486467
317 5209071511886508315 18392579008712278471 12720204758811429779
318 4696710379918428037 18392579008712278471 14442768723096486467
319 14498000348350520143 18392579008712278471 12720204758811429779
320 10150630170111163339 18392579008712278471 14442768723096486467
321 18255383810824499983 18392579008712278471 14442768723096486467
322 7170850721635040773 18392579008712278471 12720204758811429779
323 17123985162582109803 18392579008712278471 14442768723096486467
324 5453989760969959382 18392579008712278471 14442768723096486467
325 1300496193474702077 18392579008712278471 12720204758811429779
326 17362131382364074702 18392579008712278471 14442768723096486467
327 15550790691426830955 18392579008712278471 14442768723096486467
328 12701216396345744311 18392579008712278471 12720204758811429779
329 13752274362914470716 18392579008712278471 14442768723096486467
330 8818252782031625813 18392579008712278471 14442768723096486467
331 11478777791692670169 18392579008712278471 12720204758811429779
332 9937684851949611116 18392579008712278471 14442768723096486467
333 12000235181679890174 18392579008712278471 14442768723096486467
334 16775146754514211469 18392579008712278471 12720204758811429779
335 381720413675732644 18392579008712278471 14442768723096486467
336 14005862881570584383 18392579008712278471 14442768723096486467
337 15095382543180133026 18392579008712278471 12720204758811429779
338 11538294014663833137 18392579008712278471 14442768723096486467
339 4955112898522200342 18392579008712278471 12720204758811429779
340 10078756647123583218 18392579008712278471 14442768723096486467
341 1506298223840457092 18392579008712278471 14442768723096486467
342 1486374868417129517 18392579008712278471 12720204758811429779
343 4538666118214706763 18392579008712278471 14442768723096486467
344 7094557382046834764 18392579008712278471 14442768723096486467
345 15043818568645423820 18392579008712278471 12720204758811429779
346 12038732656128708149 18392579008712278471 14442768723096486467
347 10123286585803342507 18392579008712278471 14442768723096486467
348 1556589596183202658 18392579008712278471 12720204758811429779
349 18110667689151313447 18392579008712278471 14442768723096486467
350 15557970398732903947 18392579008712278471 14442768723096486467
351 16076948917625189675 18392579008712278471 12720204758811429779
352 5521114194193809388 18392579008712278471 14442768723096486467
353 11150956131709492504 18392579008712278471 14442768723096486467
354 3577364461632409825 18392579008712278471 12720204758811429779
355 13834042237741192595 18392579008712278471 14442768723096486467
356 12298229672842228025 18392579008712278471 14442768723096486467
357 13089379304547060043 18392579008712278471 12720204758811429779
358 1624905084613932479 18392579008712278471 14442768723096486467
359 5171577627713795740 18392579008712278471 12720204758811429779
360 1541720754679317188 18392579008712278471 14442768723096486467
361 7487565994016071068 18392579008712278471 14442768723096486467
362 2033868519949740931 18392579008712278471 12720204758811429779
363 8870667502023576417 18392579008712278471 14442768723096486467
364 11905034893468947168 18392579008712278471 14442768723096486467
365 11148391788008192073 18392579008712278471 12720204758811429779
366 6945177258344946378 18392579008712278471 14442768723096486467
367 6563800217501651061 18392579008712278471 14442768723096486467
368 11535117219293370139 18392579008712278471 12720204758811429779
369 12231343232262492325 18392579008712278471 14442768723096486467
370 584416378646119501 18392579008712278471 14442768723096486467
371 2323894076318496540 18392579008712278471 12720204758811429779
372 6061920388129799066 18392579008712278471 14442768723096486467
373 7660467951554159363 18392579008712278471 14442768723096486467
374 17587769506431789492 18392579008712278471 12720204758811429779
375 6345242910767574082 18392579008712278471 14442768723096486467
376 16385078508132216472 18392579008712278471 14442768723096486467
377 18220096518018561345 18392579008712278471 12720204758811429779
378 14403361955879058898 18392579008712278471 14442768723096486467
379 5779445335215470245 18392579008712278471 12720204758811429779
380 5929460011283403268 18392579008712278471 14442768723096486467
381 11996166647637860365 18392579008712278471 14442768723096486467
382 8431624524584695852 18392579008712278471 12720204758811429779
383 515375789900956604 18392579008712278471 14442768723096486467
384 9326000058770869249 18392579008712278471 14442768723096486467
385 18267461152533281056 18392579008712278471 12720204758811429779
386 9350757951631767818 18392579008712278471 14442768723096486467
387 12094716930322891925 18392579008712278471 14442768723096486467
388 4840108508140865917 18392579008712278471 12720204758811429779
389 8311774565020650111 18392579008712278471 14442768723096486467
390 3429572221382170560 18392579008712278471 14442768723096486467
391 3319173017208725533 18392579008712278471 12720204758811429779
392 8155636574120061932 18392579008712278471 14442768723096486467
393 5842457786161419158 18392579008712278471 14442768723096486467
394 17926350624269170451 18392579008712278471 12720204758811429779
395 8288775388900642526 18392579008712278471 14442768723096486467
396 2679934957375553355 18392579008712278471 14442768723096486467
397 7541512003978478470 18392579008712278471 12720204758811429779
398 9662929916515053044 18392579008712278471 14442768723096486467
399 10836805095931193903 18392579008712278471 12720204758811429779
400 1514790838237666257 18392579008712278471 14442768723096486467
401 4102203544101574660 18392579008712278471 14442768723096486467
402 6606587227574993400 18392579008712278471 12720204758811429779
403 3661966276924695800 18392579008712278471 14442768723096486467
404 14605689691562821678 18392579008712278471 14442768723096486467
405 12839236091842741186 18392579008712278471 12720204758811429779
406 4540519315895788158 18392579008712278471 14442768723096486467
407 18091640931751908502 18392579008712278471 14442768723096486467
408 10248961502939531700 18392579008712278471 12720204758811429779
409 6406711725172545992 18392579008712278471 14442768723096486467
410 10610993491082364362 18392579008712278471 14442768723096486467
411 12872914462331563592 18392579008712278471 12720204758811429779
412 14260241210070985523 18392579008712278471 14442768723096486467
413 9300984557273255440 18392579008712278471 14442768723096486467
414 13092332541988442002 18392579008712278471 12720204758811429779
415 5634760655947438623 18392579008712278471 14442768723096486467
416 7275226376620029249 18392579008712278471 14442768723096486467
417 6348014913297947461 18392579008712278471 12720204758811429779
418 12967024419296547653 18392579008712278471 14442768723096486467
419 2532847879755532026 18392579008712278471 12720204758811429779
420 16342978919197768678 18392579008712278471 14442768723096486467
421 4056453245236830956 18392579008712278471 14442768723096486467
422 11171254808594434887 18392579008712278471 12720204758811429779
423 3143968719246514850 18392579008712278471 14442768723096486467
424 17198070414842441717 18392579008712278471 14442768723096486467
425 2643341557830189309 18392579008712278471 12720204758811429779
426 5152013647525659216 18392579008712278471 14442768723096486467
427 17577173359425689796 18392579008712278471 14442768723096486467
428 15714899325351266029 18392579008712278471 12720204758811429779
429 8864997503322436522 18392579008712278471 14442768723096486467
430 16255402805692710490 18392579008712278471 14442768723096486467
431 1800970883921799194 18392579008712278471 12720204758811429779
432 1027450852481567006 18392579008712278471 14442768723096486467
433 9248121905104441424 18392579008712278471 14442768723096486467
434 9967282689755107212 18392579008712278471 12720204758811429779
435 18123417991289400362 18392579008712278471 14442768723096486467
436 1741583524757175589 18392579008712278471 14442768723096486467
437 1380460658146885311 18392579008712278471 12720204758811429779
438 7150812753482411265 18392579008712278471 14442768723096486467
439 5613842868324730695 18392579008712278471 12720204758811429779
440 9915439539011589612 18392579008712278471 14442768723096486467
441 9465504390721246829 18392579008712278471 14442768723096486467
442 6351894679986672508 18392579008712278471 12720204758811429779
443 18170778490631940361 18392579008712278471 14442768723096486467
444 11050625576492217149 18392579008712278471 14442768723096486467
445 10903552416443989793 18392579008712278471 12720204758811429779
446 13600666325836133476 18392579008712278471 14442768723096486467
447 14847990711268354329 18392579008712278471 14442768723096486467
448 13676535101423294006 18392579008712278471 12720204758811429779
449 16978804743182406750 18392579008712278471 14442768723096486467
450 1274465071975177331 18392579008712278471 14442768723096486467
451 10969407825188329173 18392579008712278471 12720204758811429779
452 4006218852205370185 18392579008712278471 14442768723096486467
453 785175988864567229 18392579008712278471 14442768723096486467
454 4101789722048637949 18392579008712278471 12720204758811429779
455 8573532081111937660 18392579008712278471 14442768723096486467
456 17768294030636205815 18392579008712278471 14442768723096486467
457 1507856621384493371 18392579008712278471 12720204758811429779
458 1444658109743279408 18392579008712278471 14442768723096486467
459 13371947276932312003 18392579008712278471 12720204758811429779
460 6769637809969137170 18392579008712278471 14442768723096486467
461 8251922957795291700 18392579008712278471 14442768723096486467
462 1030611042501171070 18392579008712278471 12720204758811429779
463 8425055989968426980 18392579008712278471 14442768723096486467
464 11912477757942891986 18392579008712278471 14442768723096486467
465 10284560243410516261 18392579008712278471 12720204758811429779
466 13772992359966916052 18392579008712278471 14442768723096486467
467 12077735427067469374 18392579008712278471 14442768723096486467
468 9612987628198440689 18392579008712278471 12720204758811429779
469 15755236994785410650 18392579008712278471 14442768723096486467
470 6187909163512138811 18392579008712278471 14442768723096486467
471 14616641712553547489 18392579008712278471 12720204758811429779
472 10573342300793916531 18392579008712278471 14442768723096486467
473 1279053668434264490 18392579008712278471 14442768723096486467
474 16174520451007619669 18392579008712278471 12720204758811429779
475 17136841121187579322 18392579008712278471 14442768723096486467
476 2262657099300664069 18392579008712278471 14442768723096486467
477 4246297477340369015 18392579008712278471 12720204758811429779
478 1355739077835916088 18392579008712278471 14442768723096486467
479 5867750265642763942 18392579008712278471 12720204758811429779
480 1036864079469724959 18392579008712278471 14442768723096486467
481 1007086279105548076 18392579008712278471 14442768723096486467
482 3798033975094531277 18392579008712278471 12720204758811429779
483 4528247492954738385 18392579008712278471 14442768723096486467
484 17282543005485669279 18392579008712278471 14442768723096486467
485 5518269947479119339 18392579008712278471 12720204758811429779
486 1305685780242956919 18392579008712278471 14442768723096486467
487 859484598209503504 18392579008712278471 14442768723096486467
488 8971477886718678698 18392579008712278471 12720204758811429779
489 14933459269356618927 18392579008712278471 14442768723096486467
490 14503173311263959913 18392579008712278471 14442768723096486467
491 15759274578679542629 18392579008712278471 12720204758811429779
492 15770334833377685020 18392579008712278471 14442768723096486467
493 9211909556383195014 18392579008712278471 14442768723096486467
494 5057852804151107767 18392579008712278471 12720204758811429779
495 11263403157218389790 18392579008712278471 14442768723096486467
496 4653067131237648210 18392579008712278471 14442768723096486467
497 11748689057091401269 18392579008712278471 12720204758811429779
498 14197178030674418072 18392579008712278471 14442768723096486467
499 8045309352082441765 18392579008712278471 12720204758811429779
500 15496843076502746238 18392579008712278471 14442768723096486467
501 2381971297474883719 18392579008712278471 14442768723096486467
502 1122352419185190663 18392579008712278471 12720204758811429779
503 8127383647949308819 18392579008712278471 14442768723096486467
504 11460465735985973103 18392579008712278471 14442768723096486467
505 6961661274263497263 18392579008712278471 12720204758811429779
506 14498687537921414501 18392579008712278471 14442768723096486467
507 6090755186377819979 18392579008712278471 14442768723096486467
508 5732071470687870142 18392579008712278471 12720204758811429779
509 1459577544366131776 18392579008712278471 14442768723096486467
510 11208866017238349783 18392579008712278471 14442768723096486467
511 14402057303932076148 18392579008712278471 12720204758811429779
512 2428891416021020059 18392579008712278471 14442768723096486467
513 10398584987989741735 18392579008712278471 14442768723096486467
514 11578894741329204950 18392579008712278471 12720204758811429779
515 16165106672702003423 18392579008712278471 14442768723096486467
516 1983055658691204450 18392579008712278471 12720204758811429779
517 10465366578936823945 18392579008712278471 14442768723096486467
518 14714944039674346429 18392579008712278471 14442768723096486467
519 17751646662584447274 18392579008712278471 12720204758811429779
520 11539731836228208578 18392579008712278471 14442768723096486467
521 5867499517743645707 18392579008712278471 14442768723096486467
522 16173433654506563586 18392579008712278471 12720204758811429779
523 1660500530185463719 18392579008712278471 14442768723096486467
524 7072089482511789504 18392579008712278471 14442768723096486467
525 7226756524223071999 18392579008712278471 12720204758811429779
526 17971622189541593007 18392579008712278471 14442768723096486467
527 12055782457049661602 18392579008712278471 14442768723096486467
528 8634800938174776589 18392579008712278471 12720204758811429779
529 16692207549513564721 18392579008712278471 14442768723096486467
530 1667527512310420314 18392579008712278471 14442768723096486467
531 265666016044819323 18392579008712278471 12720204758811429779
532 4889426719754766650 18392579008712278471 14442768723096486467
533 524629678546405286 18392579008712278471 14442768723096486467
534 11145606706116101729 18392579008712278471 12720204758811429779
535 16520261104127319491 18392579008712278471 14442768723096486467
536 15227037815024007255 18392579008712278471 12720204758811429779
537 12242485073898802100 18392579008712278471 14442768723096486467
538 9269704538621562908 18392579008712278471 14442768723096486467
539 17356445310467924612 18392579008712278471 12720204758811429779
540 11014408923511957668 18392579008712278471 14442768723096486467
541 3609701704822781030 18392579008712278471 14442768723096486467
542 11546445187989633834 18392579008712278471 12720204758811429779
543 2990567551176881272 18392579008712278471 14442768723096486467
544 14354202051975635372 18392579008712278471 14442768723096486467
545 413665900338718540 18392579008712278471 12720204758811429779
546 15981417067400345502 18392579008712278471 14442768723096486467
547 7287486398364221868 18392579008712278471 14442768723096486467
548 10695802300432449331 18392579008712278471 12720204758811429779
549 3627434405183965046 18392579008712278471 14442768723096486467
550 14972364804604922344 18392579008712278471 14442768723096486467
551 16241677121423029261 18392579008712278471 12720204758811429779
552 13243390621894675942 18392579008712278471 14442768723096486467
553 783764501796888697 18392579008712278471 14442768723096486467
554 378483026077281373 18392579008712278471 12720204758811429779
555 12569367738319279487 18392579008712278471 14442768723096486467
556 4956954361317371912 18392579008712278471 12720204758811429779
557 18154012496951982581 18392579008712278471 14442768723096486467
558 3620607999891506238 18392579008712278471 14442768723096486467
559 2873423810812250549 18392579008712278471 12720204758811429779
560 11320628146427883620 18392579008712278471 14442768723096486467
561 11239830437098076836 18392579008712278471 14442768723096486467
562 17941476969234856916 18392579008712278471 12720204758811429779
563 12263577705775387347 18392579008712278471 14442768723096486467
564 13332014854502770527 18392579008712278471 14442768723096486467
565 8703221108417801117 18392579008712278471 12720204758811429779
566 18244960683939520529 18392579008712278471 14442768723096486467
567 6593423018333580005 18392579008712278471 14442768723096486467
568 10600230818005349697 18392579008712278471 12720204758811429779
569 16164394616340993900 18392579008712278471 14442768723096486467
570 4188955073815166640 18392579008712278471 14442768723096486467
571 963791651717804362 18392579008712278471 12720204758811429779
572 7176358989932967552 18392579008712278471 14442768723096486467
573 5405839357698517028 18392579008712278471 14442768723096486467
574 3446389630546988071 18392579008712278471 12720204758811429779
575 9200396866156581426 18392579008712278471 14442768723096486467
576 15542225786182761302 18392579008712278471 12720204758811429779
577 7810235427199576119 18392579008712278471 14442768723096486467
578 6004201506704946719 18392579008712278471 14442768723096486467
579 13207418669147907945 18392579008712278471 12720204758811429779
580 375264334315690084 18392579008712278471 14442768723096486467
581 16984549601452553838 18392579008712278471 14442768723096486467
582 4209922694777157222 18392579008712278471 12720204758811429779
583 8695307520581333185 18392579008712278471 14442768723096486467
584 11413840359762410671 18392579008712278471 14442768723096486467
585 7869786051976373262 18392579008712278471 12720204758811429779
586 13836366216035955600 18392579008712278471 14442768723096486467
587 11522855317837817667 18392579008712278471 14442768723096486467
588 1783873897283532768 18392579008712278471 12720204758811429779
589 1596652492398122019 18392579008712278471 14442768723096486467
590 17427336415867393757 18392579008712278471 14442768723096486467
591 4357840864739418505 18392579008712278471 12720204758811429779
592 10673197141474095335 18392579008712278471 14442768723096486467
593 7714031823018263576 18392579008712278471 14442768723096486467
594 18057478067955020425 18392579008712278471 12720204758811429779
595 10642453266445209543 18392579008712278471 14442768723096486467
596 2132166399748809711 18392579008712278471 12720204758811429779
597 5815296960011315072 18392579008712278471 14442768723096486467
598 2497041989975257040 18392579008712278471 14442768723096486467
599 3642697422730480870 18392579008712278471 12720204758811429779
600 17412311770731628468 18392579008712278471 14442768723096486467
601 16965776423244579797 18392579008712278471 14442768723096486467
602 12337746843970120615 18392579008712278471 12720204758811429779
603 2872948390776657142 18392579008712278471 14442768723096486467
604 11003121643820822510 18392579008712278471 14442768723096486467
605 9259660076587052176 18392579008712278471 12720204758811429779
606 17709345552318711114 18392579008712278471 14442768723096486467
607 6378071358028714020 18392579008712278471 14442768723096486467
608 4568611345679841400 18392579008712278471 12720204758811429779
609 1314036991113364089 18392579008712278471 14442768723096486467
610 8139160379412114679 18392579008712278471 14442768723096486467
611 13475401746133328870 18392579008712278471 12720204758811429779
612 12922478390440505499 18392579008712278471 14442768723096486467
613 7514485331196565949 18392579008712278471 14442768723096486467
614 16474012889557708892 18392579008712278471 12720204758811429779
615 8587024052705580652 18392579008712278471 14442768723096486467
616 2001769771509054223 18392579008712278471 12720204758811429779
617 12668323560609769358 18392579008712278471 14442768723096486467
618 10940307110076896435 18392579008712278471 14442768723096486467
619 2294329838351676716 18392579008712278471 12720204758811429779
620 7249300492785834687 18392579008712278471 14442768723096486467
621 10363506318391973580 18392579008712278471 14442768723096486467
622 6454347610159173003 18392579008712278471 12720204758811429779
623 11004346720561926494 18392579008712278471 14442768723096486467
624 11168256161740810198 18392579008712278471 14442768723096486467
625 1705667569195137962 18392579008712278471 12720204758811429779
626 10975534257090263921 18392579008712278471 14442768723096486467
627 18371096280242212276 18392579008712278471 14442768723096486467
628 16940045088764046807 18392579008712278471 12720204758811429779
629 16371879539324264947 18392579008712278471 14442768723096486467
630 17272204343688625594 18392579008712278471 14442768723096486467
631 9045719659763434199 18392579008712278471 12720204758811429779
632 794677246746723379 18392579008712278471 14442768723096486467
633 4206602208903994335 18392579008712278471 14442768723096486467
634 1733149356582374600 18392579008712278471 12720204758811429779
635 5386349547696497120 18392579008712278471 14442768723096486467
636 12967732348183345031 18392579008712278471 12720204758811429779
637 17398957329666509769 18392579008712278471 14442768723096486467
638 5016055279376387042 18392579008712278471 14442768723096486467
639 13207848883047148943 18392579008712278471 12720204758811429779
640 17335222226714643538 18392579008712278471 14442768723096486467
641 7756551930391027452 18392579008712278471 14442768723096486467
642 5321467917683410578 18392579008712278471 12720204758811429779
643 17605578136388316167 18392579008712278471 14442768723096486467
644 17866610615551905612 18392579008712278471 14442768723096486467
645 2126921812003572737 18392579008712278471 12720204758811429779
646 7811218943558472617 18392579008712278471 14442768723096486467
647 8087228279334142317 18392579008712278471 14442768723096486467
648 14607752734769755806 18392579008712278471 12720204758811429779
649 17065112457174496257 18392579008712278471 14442768723096486467
650 5105788284180092144 18392579008712278471 14442768723096486467
651 17954363388453915137 18392579008712278471 12720204758811429779
652 12174592238001105760 18392579008712278471 14442768723096486467
653 1231244111582472915 18392579008712278471 14442768723096486467
654 3971954365877678654 18392579008712278471 12720204758811429779
655 4340793255962176213 18392579008712278471 14442768723096486467
656 951141601593803450 18392579008712278471 12720204758811429779
657 2138985345868364811 18392579008712278471 14442768723096486467
658 10545915363145360609 18392579008712278471 14442768723096486467
659 15213350326658392261 18392579008712278471 12720204758811429779
660 13211913692099075635 18392579008712278471 14442768723096486467
661 1537984540575032246 18392579008712278471 14442768723096486467
662 1481029578639637005 18392579008712278471 12720204758811429779
663 17878971851911020597 18392579008712278471 14442768723096486467
664 15934688980623892898 18392579008712278471 14442768723096486467
665 1370358711892225638 18392579008712278471 12720204758811429779
666 18081739181554878848 18392579008712278471 14442768723096486467
667 2993104090974690621 18392579008712278471 14442768723096486467
668 251387821381831575 18392579008712278471 12720204758811429779
669 12155444136739062250 18392579008712278471 14442768723096486467
670 17381323399506412782 18392579008712278471 14442768723096486467
671 9568037567744507588 18392579008712278471 12720204758811429779
672 9062108682787399370 18392579008712278471 14442768723096486467
673 11558899631078807454 18392579008712278471 14442768723096486467
674 6743427692026846539 18392579008712278471 12720204758811429779
675 13392376842492756689 18392579008712278471 14442768723096486467
676 17833035348520080474 18392579008712278471 12720204758811429779
677 11298111943598902449 18392579008712278471 14442768723096486467
678 12785928007862056667 18392579008712278471 14442768723096486467
679 5615654156449786722 18392579008712278471 12720204758811429779
680 10615395971412862052 18392579008712278471 14442768723096486467
681 13454140307822394252 18392579008712278471 14442768723096486467
682 14990572857224447834 18392579008712278471 12720204758811429779
683 10369291250948273173 18392579008712278471 14442768723096486467
684 17041080024227144240 18392579008712278471 14442768723096486467
685 15189656684749025888 18392579008712278471 12720204758811429779
686 12182770860440169743 18392579008712278471 14442768723096486467
687 1161407321685394010 18392579008712278471 14442768723096486467
688 345779311572844078 18392579008712278471 12720204758811429779
689 18217792640594312186 18392579008712278471 14442768723096486467
690 3903316111405403139 18392579008712278471 14442768723096486467
691 2617321653637118166 18392579008712278471 12720204758811429779
692 11444884417374021727 18392579008712278471 14442768723096486467
693 17309345519268590625 18392579008712278471 14442768723096486467
694 3581763885024591287 18392579008712278471 12720204758811429779
695 16230953525720500683 18392579008712278471 14442768723096486467
696 4740015630339557352 18392579008712278471 12720204758811429779
697 774421174176859275 18392579008712278471 14442768723096486467
698 14364249704617765477 18392579008712278471 14442768723096486467
699 14497418575777150440 18392579008712278471 12720204758811429779
700 17068160817413207009 18392579008712278471 14442768723096486467
701 2152373761116710556 18392579008712278471 14442768723096486467
702 8769115728422383816 18392579008712278471 12720204758811429779
703 14124250582302155229 18392579008712278471 14442768723096486467
704 14264765009046064758 18392579008712278471 14442768723096486467
705 13291417728547003781 18392579008712278471 12720204758811429779
706 14920276953235404426 18392579008712278471 14442768723096486467
707 9412156426739234983 18392579008712278471 14442768723096486467
708 10925385190295344064 18392579008712278471 12720204758811429779
709 17564110052839907794 18392579008712278471 14442768723096486467
710 4694340028262385072 18392579008712278471 14442768723096486467
711 6596280147386283356 18392579008712278471 12720204758811429779
712 17610855469314867976 18392579008712278471 14442768723096486467
713 7903825536148361382 18392579008712278471 14442768723096486467
714 16375245181684273255 18392579008712278471 12720204758811429779
715 6426725486005650268 18392579008712278471 14442768723096486467
716 5151890260746347645 18392579008712278471 12720204758811429779
717 10512227475824642951 18392579008712278471 14442768723096486467
718 6903853278666840178 18392579008712278471 14442768723096486467
719 644425797000465039 18392579008712278471 12720204758811429779
720 13772167706050855582 18392579008712278471 14442768723096486467
721 4204346345765029817 18392579008712278471 14442768723096486467
722 13050014330179443079 18392579008712278471 12720204758811429779
723 3899625618827633502 18392579008712278471 14442768723096486467
724 9002635333025785230 18392579008712278471 14442768723096486467
725 5658498932196096533 18392579008712278471 12720204758811429779
726 17646181390519468959 18392579008712278471 14442768723096486467
727 1149522141417243405 18392579008712278471 14442768723096486467
728 2563533217845238033 18392579008712278471 12720204758811429779
729 13504581874060059067 18392579008712278471 14442768723096486467
730 2977471223813011319 18392579008712278471 14442768723096486467
731 2351548323026002302 18392579008712278471 12720204758811429779
732 1918912099215259668 18392579008712278471 14442768723096486467
733 4671173016912609755 18392579008712278471 14442768723096486467
734 14622251603892250744 18392579008712278471 12720204758811429779
735 435410364806095804 18392579008712278471 14442768723096486467
736 16140448286530519691 18392579008712278471 12720204758811429779
737 2803135714801925821 18392579008712278471 14442768723096486467
738 14043734887341359408 18392579008712278471 14442768723096486467
739 11064383679049918476 18392579008712278471 12720204758811429779
740 12404206015971397950 18392579008712278471 14442768723096486467
741 9558491969750597762 18392579008712278471 14442768723096486467
742 2809555537099294842 18392579008712278471 12720204758811429779
743 5008562259323312133 18392579008712278471 14442768723096486467
744 17894136010418427982 18392579008712278471 14442768723096486467
745 2500686821472230099 18392579008712278471 12720204758811429779
746 17674029072632294668 18392579008712278471 14442768723096486467
747 5538834870815284364 18392579008712278471 14442768723096486467
748 4587782885510796936 18392579008712278471 12720204758811429779
749 1955464215907496600 18392579008712278471 14442768723096486467
750 13652390925621124623 18392579008712278471 14442768723096486467
751 15524159606774722218 18392579008712278471 12720204758811429779
752 5026666555721262192 18392579008712278471 14442768723096486467
753 7770283414869738341 18392579008712278471 14442768723096486467
754 12485689103807755136 18392579008712278471 12720204758811429779
755 6823398935575548746 18392579008712278471 14442768723096486467
756 2262939046306634139 18392579008712278471 12720204758811429779
757 14058636207267555134 18392579008712278471 14442768723096486467
758 6696100415777957282 18392579008712278471 14442768723096486467
759 15026156533313703534 18392579008712278471 12720204758811429779
760 2017845372550013838 18392579008712278471 14442768723096486467
761 4104296778008598922 18392579008712278471 14442768723096486467
762 12051419913576756621 18392579008712278471 12720204758811429779
763 3441631142453175235 18392579008712278471 14442768723096486467
764 7660427654555990608 18392579008712278471 14442768723096486467
765 16045919266108467340 18392579008712278471 12720204758811429779
766 92941721770330053 18392579008712278471 14442768723096486467
767 2209020371905311153 18392579008712278471 14442768723096486467
768 11140880702808040698 18392579008712278471 12720204758811429779
769 5015734830992635991 18392579008712278471 14442768723096486467
770 6824723494494435680 18392579008712278471 14442768723096486467
771 14119855827190916261 18392579008712278471 12720204758811429779
772 2900093422204619997 18392579008712278471 14442768723096486467
773 13273103901638473612 18392579008712278471 14442768723096486467
774 2225013244060695584 18392579008712278471 12720204758811429779
775 4111017420348264179 18392579008712278471 14442768723096486467
776 12313101816903796833 18392579008712278471 12720204758811429779
777 11686036676743672106 18392579008712278471 14442768723096486467
778 1818604024014166320 18392579008712278471 14442768723096486467
779 5521274687493399690 18392579008712278471 12720204758811429779
780 15606230558991741334 18392579008712278471 14442768723096486467
781 16435131195305230582 18392579008712278471 14442768723096486467
782 5708665348705568099 18392579008712278471 12720204758811429779
783 59958038595641395 18392579008712278471 14442768723096486467
784 5994423705058306784 18392579008712278471 14442768723096486467
785 1437135913660734833 18392579008712278471 12720204758811429779
786 4817989419960220859 18392579008712278471 14442768723096486467
787 13878081772658231353 18392579008712278471 14442768723096486467
788 13906866280344902147 18392579008712278471 12720204758811429779
789 12968644879809457373 18392579008712278471 14442768723096486467
790 7662256628934630444 18392579008712278471 14442768723096486467
791 16102223324018141015 18392579008712278471 12720204758811429779
792 14656490281886500324 18392579008712278471 14442768723096486467
793 15112124019135757284 18392579008712278471 14442768723096486467
794 848943748691735922 18392579008712278471 12720204758811429779
795 8121450338545414831 18392579008712278471 14442768723096486467
796 1793843871820546161 18392579008712278471 12720204758811429779
797 15937862244402274642 18392579008712278471 14442768723096486467
798 1778919119285407726 18392579008712278471 14442768723096486467
799 2975814637167055144 18392579008712278471 12720204758811429779
800 8013459073774678874 18392579008712278471 14442768723096486467
801 8793270328781773377 18392579008712278471 14442768723096486467
802 1628417172184967653 18392579008712278471 12720204758811429779
803 16127233077661643314 18392579008712278471 14442768723096486467
804 15833888090626609437 18392579008712278471 14442768723096486467
805 8080294144178075621 18392579008712278471 12720204758811429779
806 3908062629003320277 18392579008712278471 14442768723096486467
807 12510514089259434153 18392579008712278471 14442768723096486467
808 15921103171470349177 18392579008712278471 12720204758811429779
809 6738740711059616230 18392579008712278471 14442768723096486467
810 2697591921418853507 18392579008712278471 14442768723096486467
811 16586710419219422259 18392579008712278471 12720204758811429779
812 10113185722630350454 18392579008712278471 14442768723096486467
813 61516819278513024 18392579008712278471 14442768723096486467
814 13757532497123627058 18392579008712278471 12720204758811429779
815 18102346361820269942 18392579008712278471 14442768723096486467
816 2825344930314790396 18392579008712278471 12720204758811429779
817 3476633041034958821 18392579008712278471 14442768723096486467
818 6610716261061911701 18392579008712278471 14442768723096486467
819 17036939295545363539 18392579008712278471 12720204758811429779
820 18244171442239124831 18392579008712278471 14442768723096486467
821 15168854988331379023 18392579008712278471 14442768723096486467
822 16625360689059010045 18392579008712278471 12720204758811429779
823 1755435216780021933 18392579008712278471 14442768723096486467
824 15529950842692825243 18392579008712278471 14442768723096486467
825 15220525920781699321 18392579008712278471 12720204758811429779
826 14313617152672270380 18392579008712278471 14442768723096486467
827 5942721420171175756 18392579008712278471 14442768723096486467
828 11966059164148282759 18392579008712278471 12720204758811429779
829 3326960111378809923 18392579008712278471 14442768723096486467
830 3335536349650996051 18392579008712278471 14442768723096486467
831 8691098053649638578 18392579008712278471 12720204758811429779
832 15110389983412690329 18392579008712278471 14442768723096486467
833 12414540065485361718 18392579008712278471 14442768723096486467
834 1193520893082102662 18392579008712278471 12720204758811429779
835 12850619513476342086 18392579008712278471 14442768723096486467
836 1900321249475234829 18392579008712278471 12720204758811429779
837 6349426730490852342 18392579008712278471 14442768723096486467
838 8892748115197753296 18392579008712278471 14442768723096486467
839 7651975877684648279 18392579008712278471 12720204758811429779
840 10480201300181836699 18392579008712278471 14442768723096486467
841 17138316689563976852 18392579008712278471 14442768723096486467
842 6549191486220010859 18392579008712278471 12720204758811429779
843 8641055191529038208 18392579008712278471 14442768723096486467
844 5712945296542018697 18392579008712278471 14442768723096486467
845 12072360673037293605 18392579008712278471 12720204758811429779
846 12596767435924913652 18392579008712278471 14442768723096486467
847 9960953016780166224 18392579008712278471 14442768723096486467
848 16316457511407541216 18392579008712278471 12720204758811429779
849 508360128588034944 18392579008712278471 14442768723096486467
850 13311387200869660202 18392579008712278471 14442768723096486467
851 1162895508211362399 18392579008712278471 12720204758811429779
852 11014489997800416669 18392579008712278471 14442768723096486467
853 170466298513530890 18392579008712278471 14442768723096486467
854 13422171035432815650 18392579008712278471 12720204758811429779
855 4517815647129209436 18392579008712278471 14442768723096486467
856 13429365608593996535 18392579008712278471 12720204758811429779
857 10510595182599239978 18392579008712278471 14442768723096486467
858 16257491943541973554 18392579008712278471 14442768723096486467
859 6711476319827792881 18392579008712278471 12720204758811429779
860 15858645500332561560 18392579008712278471 14442768723096486467
861 15954479994824085782 18392579008712278471 14442768723096486467
862 6515961312607955524 18392579008712278471 12720204758811429779
863 2394057515616145243 18392579008712278471 14442768723096486467
864 1191623184914848559 18392579008712278471 14442768723096486467
865 14956711463960730211 18392579008712278471 12720204758811429779
866 11000535284541504458 18392579008712278471 14442768723096486467
867 2040809609262067722 18392579008712278471 14442768723096486467
868 14269348637726756247 18392579008712278471 12720204758811429779
869 10443031547831487932 18392579008712278471 14442768723096486467
870 5218590202299007694 18392579008712278471 14442768723096486467
871 8915286027155183731 18392579008712278471 12720204758811429779
872 6143257995264717537 18392579008712278471 14442768723096486467
873 15010886057455797920 18392579008712278471 14442768723096486467
874 1638314565134137813 18392579008712278471 12720204758811429779
875 6152224118675523618 18392579008712278471 14442768723096486467
876 9441062490268162693 18392579008712278471 12720204758811429779
877 4646047334123916244 18392579008712278471 14442768723096486467
878 14184019371768806973 18392579008712278471 14442768723096486467
879 10521902819099318974 18392579008712278471 12720204758811429779
880 8443958235396808665 18392579008712278471 14442768723096486467
881 12359556602001044425 18392579008712278471 14442768723096486467
882 17499823971495448108 18392579008712278471 12720204758811429779
883 1484573049719891186 18392579008712278471 14442768723096486467
884 11101514887519229794 18392579008712278471 14442768723096486467
885 3921473264781472200 18392579008712278471 12720204758811429779
886 9662758412387165691 18392579008712278471 14442768723096486467
887 7398559619696749072 18392579008712278471 14442768723096486467
888 16931640451715795680 18392579008712278471 12720204758811429779
889 14181198428847358518 18392579008712278471 14442768723096486467
890 11542977305825822497 18392579008712278471 14442768723096486467
891 9850657199221654133 18392579008712278471 12720204758811429779
892 3448190162986213153 18392579008712278471 14442768723096486467
893 8638620105251818907 18392579008712278471 14442768723096486467
894 12530357081968086382 18392579008712278471 12720204758811429779
895 12161513310364451324 18392579008712278471 14442768723096486467
896 15781404889864625935 18392579008712278471 12720204758811429779
897 8119266964094352827 18392579008712278471 14442768723096486467
898 5262042636549269489 18392579008712278471 14442768723096486467
899 686658972833334254 18392579008712278471 12720204758811429779
900 482737926613435858 18392579008712278471 14442768723096486467
901 7450982780896099527 18392579008712278471 14442768723096486467
902 16682870399156633731 18392579008712278471 12720204758811429779
903 12065975390013846630 18392579008712278471 14442768723096486467
904 3432848245215678564 18392579008712278471 14442768723096486467
905 2274511298686242181 18392579008712278471 12720204758811429779
906 4126776275497515331 18392579008712278471 14442768723096486467
907 15449868319785889534 18392579008712278471 14442768723096486467
908 848548499724284179 18392579008712278471 12720204758811429779
909 6700106283067254396 18392579008712278471 14442768723096486467
910 8422578353360560551 18392579008712278471 14442768723096486467
911 13930114765713354013 18392579008712278471 12720204758811429779
912 1635427679739479852 18392579008712278471 14442768723096486467
913 12257288932532303001 18392579008712278471 14442768723096486467
914 13324521457817037966 18392579008712278471 12720204758811429779
915 17086805228212293466 18392579008712278471 14442768723096486467
916 930458366182888913 18392579008712278471 12720204758811429779
917 17160942159374608363 18392579008712278471 14442768723096486467
918 14832034887430016170 18392579008712278471 14442768723096486467
919 15391303017118610384 18392579008712278471 12720204758811429779
920 16635311924662383114 18392579008712278471 14442768723096486467
921 6687716208484302942 18392579008712278471 14442768723096486467
922 14211082690206421646 18392579008712278471 12720204758811429779
923 4021130220761141975 18392579008712278471 14442768723096486467
924 16174402721582705225 18392579008712278471 14442768723096486467
925 640842472802959679 18392579008712278471 12720204758811429779
926 8591607644961646259 18392579008712278471 14442768723096486467
927 469903409741341486 18392579008712278471 14442768723096486467
928 8739546542802523988 18392579008712278471 12720204758811429779
929 17286908540689835562 18392579008712278471 14442768723096486467
930 15457492072888762846 18392579008712278471 14442768723096486467
931 13599963973809448396 18392579008712278471 12720204758811429779
932 14632036816253389506 18392579008712278471 14442768723096486467
933 3340206740144230167 18392579008712278471 14442768723096486467
934 18178537857378254413 18392579008712278471 12720204758811429779
935 6001585464399082314 18392579008712278471 14442768723096486467
936 17519792965954491103 18392579008712278471 12720204758811429779
937 9667579045111958581 18392579008712278471 14442768723096486467
938 7657892114277076531 18392579008712278471 14442768723096486467
939 4252966305017745443 18392579008712278471 12720204758811429779
940 11336558482859262166 18392579008712278471 14442768723096486467
941 15348577186174347945 18392579008712278471 14442768723096486467
942 12492443403412621380 18392579008712278471 12720204758811429779
943 7562076386073116078 18392579008712278471 14442768723096486467
944 15126429936763074370 18392579008712278471 14442768723096486467
945 1487616661206119001 18392579008712278471 12720204758811429779
946 12097051219201651448 18392579008712278471 14442768723096486467
947 11799335141853577318 18392579008712278471 14442768723096486467
948 15859837940704202797 18392579008712278471 12720204758811429779
949 7193709558810815699 18392579008712278471 14442768723096486467
950 187525792936704276 18392579008712278471 14442768723096486467
951 6906321850544720489 18392579008712278471 12720204758811429779
952 16717026695301144391 18392579008712278471 14442768723096486467
953 17933580532797146494 18392579008712278471 14442768723096486467
954 14178978567748397736 18392579008712278471 12720204758811429779
955 7348980478390667803 18392579008712278471 14442768723096486467
956 2062643468138862200 18392579008712278471 12720204758811429779
957 15786203166050470429 18392579008712278471 14442768723096486467
958 15144559243051296890 18392579008712278471 14442768723096486467
959 9819996863988541333 18392579008712278471 12720204758811429779
960 9730157142671428240 18392579008712278471 14442768723096486467
961 1202320442864774228 18392579008712278471 14442768723096486467
962 6198355901615423871 18392579008712278471 12720204758811429779
963 8688626442446823816 18392579008712278471 14442768723096486467
964 11632768393461980887 18392579008712278471 14442768723096486467
965 6299796392815915437 18392579008712278471 12720204758811429779
966 10301975088332888284 18392579008712278471 14442768723096486467
967 8340679575469985862 18392579008712278471 14442768723096486467
968 680041893365783581 18392579008712278471 12720204758811429779
969 16587818733366665438 18392579008712278471 14442768723096486467
970 17345697492868863668 18392579008712278471 14442768723096486467
971 3009344335344744806 18392579008712278471 12720204758811429779
972 8550657580454695067 18392579008712278471 14442768723096486467
973 4260062457813698192 18392579008712278471 14442768723096486467
974 17182351177678796026 18392579008712278471 12720204758811429779
975 6843385707912093278 18392579008712278471 14442768723096486467
976 7157801257336784866 18392579008712278471 12720204758811429779
977 16505145726328983328 18392579008712278471 14442768723096486467
978 15068999570961181272 18392579008712278471 14442768723096486467
979 9469512751656999405 18392579008712278471 12720204758811429779
980 924957390338417531 18392579008712278471 14442768723096486467
981 15824232794927349882 18392579008712278471 14442768723096486467
982 10149017049400921944 18392579008712278471 12720204758811429779
983 10818895810956899477 18392579008712278471 14442768723096486467
984 5264389060882096213 18392579008712278471 14442768723096486467
985 6983233455529090503 18392579008712278471 12720204758811429779
986 9344156214026793821 18392579008712278471 14442768723096486467
987 14252718576635534825 18392579008712278471 14442768723096486467
988 11512769911305609664 18392579008712278471 12720204758811429779
989 9533952730245783124 18392579008712278471 14442768723096486467
990 8581487871617123345 18392579008712278471 14442768723096486467
991 13051294433561815703 18392579008712278471 12720204758811429779
992 2156773506330474415 18392579008712278471 14442768723096486467
993 6182411331319322748 18392579008712278471 14442768723096486467
994 18399033435824298909 18392579008712278471 12720204758811429779
995 9368880677643268616 18392579008712278471 14442768723096486467
996 13073362884127801240 18392579008712278471 12720204758811429779
997 12838080141490996209 18392579008712278471 14442768723096486467
998 6391457176604297152 18392579008712278471 14442768723096486467
999 5665218393873696589 18392579008712278471 12720204758811429779
