0 15357168048344322693 18392579008712278471 16759792958453030887
1 13216161604032905910 18392579008712278471 9931517938563476895
2 2337899203412984768 18392579008712278471 6504910491574298043
3 1065624221098804070 18392579008712278471 2972522600745373299
4 12787670742753970399 18392579008712278471 16091874484310999459
5 393364684643184268 18392579008712278471 7697351556324095795
6 6229675470981510291 18392579008712278471 655604537481181707
7 16798525197349361910 18392579008712278471 10530154588915791911
8 7759245243114310245 18392579008712278471 17071037647462168391
9 6701183187562691007 18392579008712278471 16910820147816000191
10 7565740270220514731 18392579008712278471 15131254197789513103
11 14955216032586853367 18392579008712278471 12858005258014005763
12 13819744183046869707 18392579008712278471 4064922773421958063
13 10506196105849510286 18392579008712278471 9058697933554365695
14 13867634492873868637 18392579008712278471 15935763586884879199
15 15452673138944719406 18392579008712278471 1978183290434918251
16 14272590953068708292 18392579008712278471 2684295954553130643
17 1715375324179734315 18392579008712278471 12069841872486280411
18 5087963970406223579 18392579008712278471 11966797788354956019
19 11599459440394375374 18392579008712278471 6705495787336051291
