0 15357168048344322693 18392579008712278471 16759792958453030887
1 5220597487968672410 18392579008712278471 9931517938563476895
2 17317053208072069760 18392579008712278471 6504910491574298043
3 243684092045533087 18392579008712278471 2972522600745373299
4 3582594014757214972 18392579008712278471 16091874484310999459
5 8721908779199806117 18392579008712278471 7697351556324095795
6 8710920455217245257 18392579008712278471 655604537481181707
7 4781517880234508693 18392579008712278471 10530154588915791911
8 13901182225146528528 18392579008712278471 17071037647462168391
9 15144507201063053947 18392579008712278471 16910820147816000191
10 12439784164445340350 18392579008712278471 15131254197789513103
11 14620332664094500822 18392579008712278471 12858005258014005763
12 17289489483827565522 18392579008712278471 4064922773421958063
13 5449146701905923329 18392579008712278471 9058697933554365695
14 2646428840143352438 18392579008712278471 15935763586884879199
15 791881583886050242 18392579008712278471 1978183290434918251
16 5836712122955442900 18392579008712278471 2684295954553130643
17 11614623162669172711 18392579008712278471 12069841872486280411
18 10559419671921595505 18392579008712278471 11966797788354956019
19 13416608770012467632 18392579008712278471 6705495787336051291
20 2709791978148312916 18392579008712278471 11969704078878332747
21 866224284869083221 18392579008712278471 4792710630406694035
22 510279970253063775 18392579008712278471 7853561078904697375
23 11914608540387985728 18392579008712278471 3536487022350760199
24 17527622454713764370 18392579008712278471 14867559662940600731
25 9712023700229780412 18392579008712278471 1020016906503182819
26 14982165601752886892 18392579008712278471 13077417602551860343
27 3915594962438135792 18392579008712278471 9611776869821530819
28 14803308014048490956 18392579008712278471 2981535670130648427
29 17753441027460381078 18392579008712278471 11354872947010627159
30 9283815036964492825 18392579008712278471 1950144028157643035
31 12718607140992684329 18392579008712278471 4782476568756793431
32 3465376540882439175 18392579008712278471 13745650739092014175
33 2982330384126382472 18392579008712278471 5013582863366776555
34 13057089592313126149 18392579008712278471 10057026259407438831
35 5504480995741460674 18392579008712278471 15138341665484329947
36 309843279865255004 18392579008712278471 12487049815898379463
37 2587357977641870563 18392579008712278471 1652160347071942935
38 7491568370748085980 18392579008712278471 16407783814976310315
39 14527471926447544748 18392579008712278471 5467838447837712367
40 6350281599243313734 18392579008712278471 15944868813379208279
41 1686466292582410160 18392579008712278471 14202880905828614075
42 8375470398611057916 18392579008712278471 12628221311000661147
43 696717362731292732 18392579008712278471 17500122134142871027
44 17918896374123013055 18392579008712278471 2914246204024677931
45 4602452581095991618 18392579008712278471 12720204758811429779
46 154712236048821482 18392579008712278471 14442768723096486467
47 17955912789567822517 18392579008712278471 14442768723096486467
48 15883047507842656973 18392579008712278471 12720204758811429779
49 7434454081897721260 18392579008712278471 14442768723096486467
50 4297949767268618692 18392579008712278471 14442768723096486467
51 9519223761750435721 18392579008712278471 12720204758811429779
52 4303754324770250239 18392579008712278471 14442768723096486467
53 415062350803893203 18392579008712278471 14442768723096486467
54 184613375177324405 18392579008712278471 12720204758811429779
55 17182174997229780030 18392579008712278471 14442768723096486467
56 9173406270687687857 18392579008712278471 14442768723096486467
57 6960539682336235963 18392579008712278471 12720204758811429779
58 2768806908800043362 18392579008712278471 14442768723096486467
59 6325446184176614597 18392579008712278471 12720204758811429779
60 1071193757092065946 18392579008712278471 14442768723096486467
61 3810076075710470115 18392579008712278471 14442768723096486467
62 9108204776025591001 18392579008712278471 12720204758811429779
63 16069278629620384900 18392579008712278471 14442768723096486467
64 1476334750317776305 18392579008712278471 14442768723096486467
65 6574809851413502524 18392579008712278471 12720204758811429779
66 9470401311131168002 18392579008712278471 14442768723096486467
67 16787842885106268916 18392579008712278471 14442768723096486467
68 1409513331276721815 18392579008712278471 12720204758811429779
69 8978532442782724931 18392579008712278471 14442768723096486467
70 17800168952197146992 18392579008712278471 14442768723096486467
71 14419003974766055897 18392579008712278471 12720204758811429779
72 560083228436506584 18392579008712278471 14442768723096486467
73 11952795453728293231 18392579008712278471 14442768723096486467
74 17043866350860106135 18392579008712278471 12720204758811429779
75 2529613570734354067 18392579008712278471 14442768723096486467
76 10198700410342249727 18392579008712278471 14442768723096486467
77 3847889123914866358 18392579008712278471 12720204758811429779
78 5865027742809246684 18392579008712278471 14442768723096486467
79 15107915227634765605 18392579008712278471 12720204758811429779
80 14494966365443017093 18392579008712278471 14442768723096486467
81 8835800635477879404 18392579008712278471 14442768723096486467
82 8604645515189840342 18392579008712278471 12720204758811429779
83 5463863838693991910 18392579008712278471 14442768723096486467
84 2011088422830566481 18392579008712278471 14442768723096486467
85 14914844372443206763 18392579008712278471 12720204758811429779
86 8899016588742921775 18392579008712278471 14442768723096486467
87 10550679652858026874 18392579008712278471 14442768723096486467
88 17170639906943452419 18392579008712278471 12720204758811429779
89 6083820937628717235 18392579008712278471 14442768723096486467
90 16557944302182259953 18392579008712278471 14442768723096486467
91 15398130160105745276 18392579008712278471 12720204758811429779
92 10740507371264851866 18392579008712278471 14442768723096486467
93 1349113575028791381 18392579008712278471 14442768723096486467
94 13198230053811354806 18392579008712278471 12720204758811429779
95 17020564233114304713 18392579008712278471 14442768723096486467
96 17215992521982666402 18392579008712278471 14442768723096486467
97 17217144553758170499 18392579008712278471 12720204758811429779
98 6602406525891277544 18392579008712278471 14442768723096486467
99 1683876369134091274 18392579008712278471 12720204758811429779
100 13687690620069549644 18392579008712278471 14442768723096486467
101 4392372780575614987 18392579008712278471 14442768723096486467
102 9867691144174168111 18392579008712278471 12720204758811429779
103 8897178380022663607 18392579008712278471 14442768723096486467
104 15504951127163453297 18392579008712278471 14442768723096486467
105 17059919682013222952 18392579008712278471 12720204758811429779
106 13287843880453527581 18392579008712278471 14442768723096486467
107 6085400859894515424 18392579008712278471 14442768723096486467
108 13224466569128182526 18392579008712278471 12720204758811429779
109 6869263782354151483 18392579008712278471 14442768723096486467
110 7313251401490449614 18392579008712278471 14442768723096486467
111 17498342149018402547 18392579008712278471 12720204758811429779
112 329719876802632132 18392579008712278471 14442768723096486467
113 10003143955686475840 18392579008712278471 14442768723096486467
114 2229742735451121633 18392579008712278471 12720204758811429779
115 9721162185516954955 18392579008712278471 14442768723096486467
116 15915571073767884528 18392579008712278471 14442768723096486467
117 12323108488610042422 18392579008712278471 12720204758811429779
118 16020423495806665036 18392579008712278471 14442768723096486467
119 8965357580873430528 18392579008712278471 12720204758811429779
120 13063561201918970713 18392579008712278471 14442768723096486467
121 10911673141912095993 18392579008712278471 14442768723096486467
122 6080380614239977576 18392579008712278471 12720204758811429779
123 6406684466583150031 18392579008712278471 14442768723096486467
124 18190571986542590276 18392579008712278471 14442768723096486467
125 5437715264503897282 18392579008712278471 12720204758811429779
126 5312332039026084848 18392579008712278471 14442768723096486467
127 10479108443746260884 18392579008712278471 14442768723096486467
128 16358909479909612626 18392579008712278471 12720204758811429779
129 4932895399052085003 18392579008712278471 14442768723096486467
130 15779017929939956828 18392579008712278471 14442768723096486467
131 6639706460208449650 18392579008712278471 12720204758811429779
132 1618766384286867049 18392579008712278471 14442768723096486467
133 12260146975359973562 18392579008712278471 14442768723096486467
134 16333977203755711070 18392579008712278471 12720204758811429779
135 3321515949057664956 18392579008712278471 14442768723096486467
136 13150397330669155218 18392579008712278471 14442768723096486467
137 3065976480754494120 18392579008712278471 12720204758811429779
138 11244078198272246414 18392579008712278471 14442768723096486467
139 2240364270110045260 18392579008712278471 12720204758811429779
140 16078521356265877452 18392579008712278471 14442768723096486467
141 12946007480929589891 18392579008712278471 14442768723096486467
142 9651611433765787984 18392579008712278471 12720204758811429779
143 15800892422176554992 18392579008712278471 14442768723096486467
144 10744284443036971907 18392579008712278471 14442768723096486467
145 5838003244344519285 18392579008712278471 12720204758811429779
146 4611821512811214228 18392579008712278471 14442768723096486467
147 17095280200166890405 18392579008712278471 14442768723096486467
148 12208809638852149372 18392579008712278471 12720204758811429779
149 17919765784861195653 18392579008712278471 14442768723096486467
150 5557087266003843959 18392579008712278471 14442768723096486467
151 7593654698834004394 18392579008712278471 12720204758811429779
152 6145192797382439743 18392579008712278471 14442768723096486467
153 1309921844729666600 18392579008712278471 14442768723096486467
154 9203876370177732570 18392579008712278471 12720204758811429779
155 12707955064016848806 18392579008712278471 14442768723096486467
156 6722986134374418561 18392579008712278471 14442768723096486467
157 9873967133852544524 18392579008712278471 12720204758811429779
158 16218989520758871666 18392579008712278471 14442768723096486467
159 5498776508695523037 18392579008712278471 12720204758811429779
160 1775774807040760213 18392579008712278471 14442768723096486467
161 16054179480495938890 18392579008712278471 14442768723096486467
162 2773439941858685561 18392579008712278471 12720204758811429779
163 16934740109401717858 18392579008712278471 14442768723096486467
164 8603508383072889636 18392579008712278471 14442768723096486467
165 1022919756267875820 18392579008712278471 12720204758811429779
166 16336898978202105882 18392579008712278471 14442768723096486467
167 6558029593608681196 18392579008712278471 14442768723096486467
168 16090242016945004941 18392579008712278471 12720204758811429779
169 656263714922114016 18392579008712278471 14442768723096486467
170 4506872626746032242 18392579008712278471 14442768723096486467
171 17525746366264030709 18392579008712278471 12720204758811429779
172 17087986811878923777 18392579008712278471 14442768723096486467
173 866012811259570800 18392579008712278471 14442768723096486467
174 2206355144020232456 18392579008712278471 12720204758811429779
175 8768686564302085104 18392579008712278471 14442768723096486467
176 7821267453505456855 18392579008712278471 14442768723096486467
177 2153822086225851602 18392579008712278471 12720204758811429779
178 15473836075716328228 18392579008712278471 14442768723096486467
179 5224306052542002454 18392579008712278471 12720204758811429779
180 12129130702044549830 18392579008712278471 14442768723096486467
181 6742345602733958082 18392579008712278471 14442768723096486467
182 9640584907952437698 18392579008712278471 12720204758811429779
183 3537920401862956482 18392579008712278471 14442768723096486467
184 6761790850831407087 18392579008712278471 14442768723096486467
185 11362683919175810448 18392579008712278471 12720204758811429779
186 16764461437774367379 18392579008712278471 14442768723096486467
187 6852892214284885592 18392579008712278471 14442768723096486467
188 11644290436323837472 18392579008712278471 12720204758811429779
189 7549187453393673058 18392579008712278471 14442768723096486467
190 12777221172513256333 18392579008712278471 14442768723096486467
191 13524218984174935708 18392579008712278471 12720204758811429779
192 15429351407085682482 18392579008712278471 14442768723096486467
193 11821092734740646834 18392579008712278471 14442768723096486467
194 17192841228005501404 18392579008712278471 12720204758811429779
195 13236441773869583513 18392579008712278471 14442768723096486467
196 139420415827298828 18392579008712278471 14442768723096486467
197 1068822476726254674 18392579008712278471 12720204758811429779
198 14712236942851726362 18392579008712278471 14442768723096486467
199 13039990086775761547 18392579008712278471 12720204758811429779
200 3419217048613505871 18392579008712278471 14442768723096486467
201 8993932160086157980 18392579008712278471 14442768723096486467
202 5581725336928358056 18392579008712278471 12720204758811429779
203 9496383141445653865 18392579008712278471 14442768723096486467
204 10347398552750987845 18392579008712278471 14442768723096486467
205 3811386006466141872 18392579008712278471 12720204758811429779
206 8962655300189121663 18392579008712278471 14442768723096486467
207 15385847242895171872 18392579008712278471 14442768723096486467
208 123295209066552070 18392579008712278471 12720204758811429779
209 13446767106169460332 18392579008712278471 14442768723096486467
210 15170059304855236503 18392579008712278471 14442768723096486467
211 15336104829650392419 18392579008712278471 12720204758811429779
212 10519160529047392792 18392579008712278471 14442768723096486467
213 8186964983015629431 18392579008712278471 14442768723096486467
214 6903733233296148785 18392579008712278471 12720204758811429779
215 10194613122233357685 18392579008712278471 14442768723096486467
216 10783142760071595520 18392579008712278471 14442768723096486467
217 12688098216087054985 18392579008712278471 12720204758811429779
218 14441639143695331005 18392579008712278471 14442768723096486467
219 5695258359144259010 18392579008712278471 12720204758811429779
220 15442683375091340401 18392579008712278471 14442768723096486467
221 16504182404290508101 18392579008712278471 14442768723096486467
222 13412384404082090275 18392579008712278471 12720204758811429779
223 6133784386586651683 18392579008712278471 14442768723096486467
224 16468131190837646256 18392579008712278471 14442768723096486467
225 14825927819246392396 18392579008712278471 12720204758811429779
226 17220703376230056973 18392579008712278471 14442768723096486467
227 15426467304393232505 18392579008712278471 14442768723096486467
228 13972747896830034870 18392579008712278471 12720204758811429779
229 18047096123949570145 18392579008712278471 14442768723096486467
230 6736336330033273318 18392579008712278471 14442768723096486467
231 3883126221083475171 18392579008712278471 12720204758811429779
232 6903030756611538908 18392579008712278471 14442768723096486467
233 11196006344257236880 18392579008712278471 14442768723096486467
234 12875128799256515933 18392579008712278471 12720204758811429779
235 9551359480933665946 18392579008712278471 14442768723096486467
236 2848791431715880993 18392579008712278471 14442768723096486467
237 11663895968733482775 18392579008712278471 12720204758811429779
238 665112884438930543 18392579008712278471 14442768723096486467
239 15478662040491478672 18392579008712278471 12720204758811429779
240 9832262721180731918 18392579008712278471 14442768723096486467
241 5865090102358800879 18392579008712278471 14442768723096486467
242 1234992551070208241 18392579008712278471 12720204758811429779
243 391021034441440777 18392579008712278471 14442768723096486467
244 804341577197659 18392579008712278471 14442768723096486467
245 17742266974822967733 18392579008712278471 12720204758811429779
246 15327038268459173040 18392579008712278471 14442768723096486467
247 11861176477012434954 18392579008712278471 14442768723096486467
248 5473559488461471300 18392579008712278471 12720204758811429779
249 13903556563588497365 18392579008712278471 14442768723096486467
250 18054589794735091146 18392579008712278471 14442768723096486467
251 1182097804026635729 18392579008712278471 12720204758811429779
252 17414012773863780790 18392579008712278471 14442768723096486467
253 9844057861566223598 18392579008712278471 14442768723096486467
254 17015455999873347923 18392579008712278471 12720204758811429779
255 10048854495706759126 18392579008712278471 14442768723096486467
256 4569546198491405258 18392579008712278471 14442768723096486467
257 12718898786648446245 18392579008712278471 12720204758811429779
258 14220646807100038523 18392579008712278471 14442768723096486467
259 11602771703538219504 18392579008712278471 12720204758811429779
260 8721734891626937621 18392579008712278471 14442768723096486467
261 15682863723154971778 18392579008712278471 14442768723096486467
262 10428420733066731313 18392579008712278471 12720204758811429779
263 5153486771798255518 18392579008712278471 14442768723096486467
264 4182351334079779377 18392579008712278471 14442768723096486467
265 17350491118169305716 18392579008712278471 12720204758811429779
266 14070784021737901295 18392579008712278471 14442768723096486467
267 15754905382161775586 18392579008712278471 14442768723096486467
268 8463063911295292841 18392579008712278471 12720204758811429779
269 12133052324603992864 18392579008712278471 14442768723096486467
270 12823829049185974651 18392579008712278471 14442768723096486467
271 13530303718371545861 18392579008712278471 12720204758811429779
272 9453418314618321920 18392579008712278471 14442768723096486467
273 14524785106956080773 18392579008712278471 14442768723096486467
274 9652861247512045379 18392579008712278471 12720204758811429779
275 2581285123248231327 18392579008712278471 14442768723096486467
276 5653590788415980587 18392579008712278471 14442768723096486467
277 9888386847745731906 18392579008712278471 12720204758811429779
278 12409820928636518970 18392579008712278471 14442768723096486467
279 18380201931551896034 18392579008712278471 12720204758811429779
280 18427119871342030224 18392579008712278471 14442768723096486467
281 17927327471652627038 18392579008712278471 14442768723096486467
282 6784122730862597951 18392579008712278471 12720204758811429779
283 6465201362242826175 18392579008712278471 14442768723096486467
284 829285481056868872 18392579008712278471 14442768723096486467
285 7415976582926457590 18392579008712278471 12720204758811429779
286 7267321706521213882 18392579008712278471 14442768723096486467
287 1278243862060839860 18392579008712278471 14442768723096486467
288 4027916657364698555 18392579008712278471 12720204758811429779
289 8317666589487167059 18392579008712278471 14442768723096486467
290 8565563018756813992 18392579008712278471 14442768723096486467
291 7919673009028508161 18392579008712278471 12720204758811429779
292 1645033062862132885 18392579008712278471 14442768723096486467
293 15346185563928417147 18392579008712278471 14442768723096486467
294 15988029389100930864 18392579008712278471 12720204758811429779
295 9445860850919391410 18392579008712278471 14442768723096486467
296 12079729792933514404 18392579008712278471 14442768723096486467
297 4203828475403213310 18392579008712278471 12720204758811429779
298 4395350510578852466 18392579008712278471 14442768723096486467
299 8536158010582838573 18392579008712278471 12720204758811429779
300 1067981443257269272 18392579008712278471 14442768723096486467
301 15206885201578096371 18392579008712278471 14442768723096486467
302 6794738359145885850 18392579008712278471 12720204758811429779
303 1525339623344615137 18392579008712278471 14442768723096486467
304 17664986542937648223 18392579008712278471 14442768723096486467
305 17210808666603707692 18392579008712278471 12720204758811429779
306 18382407368684980177 18392579008712278471 14442768723096486467
307 13545297072787146598 18392579008712278471 14442768723096486467
308 2277394302000810745 18392579008712278471 12720204758811429779
309 17434079762258320054 18392579008712278471 14442768723096486467
310 217869155967189505 18392579008712278471 14442768723096486467
311 2181521902027231516 18392579008712278471 12720204758811429779
312 14509947958703194456 18392579008712278471 14442768723096486467
313 5030817958610897483 18392579008712278471 14442768723096486467
314 1154357548405635835 18392579008712278471 12720204758811429779
315 18322578939719869624 18392579008712278471 14442768723096486467
316 1707614625382393217 18392579008712278471 14442768723096486467
317 3157455805193786057 18392579008712278471 12720204758811429779
318 4234839638346056315 18392579008712278471 14442768723096486467
319 11040685507779213864 18392579008712278471 12720204758811429779
320 9468662755145030562 18392579008712278471 14442768723096486467
321 13000890610908723140 18392579008712278471 14442768723096486467
322 3960681222623676620 18392579008712278471 12720204758811429779
323 12003246631100377657 18392579008712278471 14442768723096486467
324 14841097660940455203 18392579008712278471 14442768723096486467
325 518092635908909242 18392579008712278471 12720204758811429779
326 11229095911762786234 18392579008712278471 14442768723096486467
327 8764289060210135768 18392579008712278471 14442768723096486467
328 6774654111744061046 18392579008712278471 12720204758811429779
329 7310215209350024291 18392579008712278471 14442768723096486467
330 15380150245104187220 18392579008712278471 14442768723096486467
331 3898041623366938016 18392579008712278471 12720204758811429779
332 7496215743762472046 18392579008712278471 14442768723096486467
333 15280523450296778465 18392579008712278471 14442768723096486467
334 1792902599484045932 18392579008712278471 12720204758811429779
335 15987817637923422149 18392579008712278471 14442768723096486467
336 2139970602351559288 18392579008712278471 14442768723096486467
337 5234354534361405427 18392579008712278471 12720204758811429779
338 12453077954308996043 18392579008712278471 14442768723096486467
339 2219857198926935733 18392579008712278471 12720204758811429779
340 7493626284501321006 18392579008712278471 14442768723096486467
341 13895249740742246615 18392579008712278471 14442768723096486467
342 3015727860255196311 18392579008712278471 12720204758811429779
343 2702849294987134816 18392579008712278471 14442768723096486467
344 11506797075454054082 18392579008712278471 14442768723096486467
345 6886887283368827747 18392579008712278471 12720204758811429779
346 13771514625876557775 18392579008712278471 14442768723096486467
347 13011083414182560029 18392579008712278471 14442768723096486467
348 10216847025192850289 18392579008712278471 12720204758811429779
349 1900362116938700168 18392579008712278471 14442768723096486467
350 11610296745499094493 18392579008712278471 14442768723096486467
351 16269552429116134022 18392579008712278471 12720204758811429779
352 11953926736502137017 18392579008712278471 14442768723096486467
353 17385577132515255201 18392579008712278471 14442768723096486467
354 18021064403077086924 18392579008712278471 12720204758811429779
355 12845429236836889454 18392579008712278471 14442768723096486467
356 16360789273315399572 18392579008712278471 14442768723096486467
357 3355250920456664370 18392579008712278471 12720204758811429779
358 6282445464266142862 18392579008712278471 14442768723096486467
359 8761865149437083248 18392579008712278471 12720204758811429779
360 611838521571375795 18392579008712278471 14442768723096486467
361 15892743800337539620 18392579008712278471 14442768723096486467
362 14710427988338507393 18392579008712278471 12720204758811429779
363 5665190135651158680 18392579008712278471 14442768723096486467
364 17255456892876448216 18392579008712278471 14442768723096486467
365 17635252150512911328 18392579008712278471 12720204758811429779
366 1845193049570396258 18392579008712278471 14442768723096486467
367 4731442067084459405 18392579008712278471 14442768723096486467
368 13510511601304203324 18392579008712278471 12720204758811429779
369 16088580257656264864 18392579008712278471 14442768723096486467
370 7634377745746303753 18392579008712278471 14442768723096486467
371 5117048720407621625 18392579008712278471 12720204758811429779
372 11254726101213207699 18392579008712278471 14442768723096486467
373 15325438164129753525 18392579008712278471 14442768723096486467
374 496727181068304998 18392579008712278471 12720204758811429779
375 18366913347804184568 18392579008712278471 14442768723096486467
376 9174184459712826278 18392579008712278471 14442768723096486467
377 8966658089254795165 18392579008712278471 12720204758811429779
378 12588502055232066295 18392579008712278471 14442768723096486467
379 12421384085791338310 18392579008712278471 12720204758811429779
380 804432123049876409 18392579008712278471 14442768723096486467
381 18322782028425976813 18392579008712278471 14442768723096486467
382 13514142697323269429 18392579008712278471 12720204758811429779
383 1640505986175042663 18392579008712278471 14442768723096486467
384 62134666955249710 18392579008712278471 14442768723096486467
385 11549563915267413904 18392579008712278471 12720204758811429779
386 10616638472931398856 18392579008712278471 14442768723096486467
387 3036766442970487752 18392579008712278471 14442768723096486467
388 17420293327217090372 18392579008712278471 12720204758811429779
389 10976374309866851059 18392579008712278471 14442768723096486467
390 2450949881053561100 18392579008712278471 14442768723096486467
391 13850086975540905586 18392579008712278471 12720204758811429779
392 9122601024211832874 18392579008712278471 14442768723096486467
393 15383781358406549374 18392579008712278471 14442768723096486467
394 9726051738641591646 18392579008712278471 12720204758811429779
395 17091238465888104212 18392579008712278471 14442768723096486467
396 1925808604685902347 18392579008712278471 14442768723096486467
397 15703408868325942817 18392579008712278471 12720204758811429779
398 2707134114144409500 18392579008712278471 14442768723096486467
399 868070963637000613 18392579008712278471 12720204758811429779
400 10963664590593017911 18392579008712278471 14442768723096486467
401 10041813094875355417 18392579008712278471 14442768723096486467
402 1216291119133981048 18392579008712278471 12720204758811429779
403 17579412274537267984 18392579008712278471 14442768723096486467
404 17289459939966481554 18392579008712278471 14442768723096486467
405 2643199706989299762 18392579008712278471 12720204758811429779
406 2153463782499598006 18392579008712278471 14442768723096486467
407 7904582242871656514 18392579008712278471 14442768723096486467
408 2830055414462465416 18392579008712278471 12720204758811429779
409 18001607481148553020 18392579008712278471 14442768723096486467
410 13396243792242440317 18392579008712278471 14442768723096486467
411 13660008857326591532 18392579008712278471 12720204758811429779
412 2528697780294205699 18392579008712278471 14442768723096486467
413 17749762592192000943 18392579008712278471 14442768723096486467
414 392934702450141905 18392579008712278471 12720204758811429779
415 9494136244713987518 18392579008712278471 14442768723096486467
416 2006662581474433321 18392579008712278471 14442768723096486467
417 6139104327102472794 18392579008712278471 12720204758811429779
418 16823977910730220259 18392579008712278471 14442768723096486467
419 514035271432028788 18392579008712278471 12720204758811429779
420 5079249419762520660 18392579008712278471 14442768723096486467
421 3770953830898544468 18392579008712278471 14442768723096486467
422 17444403281529550543 18392579008712278471 12720204758811429779
423 12529422659878401194 18392579008712278471 14442768723096486467
424 9560070320880597291 18392579008712278471 14442768723096486467
425 10488562937327551485 18392579008712278471 12720204758811429779
426 7894749850415759788 18392579008712278471 14442768723096486467
427 14534709111639190788 18392579008712278471 14442768723096486467
428 13301375400069425915 18392579008712278471 12720204758811429779
429 17147693279301794655 18392579008712278471 14442768723096486467
430 8922876190942601659 18392579008712278471 14442768723096486467
431 14971931676054660890 18392579008712278471 12720204758811429779
432 13110231143519919763 18392579008712278471 14442768723096486467
433 15493849793973765725 18392579008712278471 14442768723096486467
434 7785403824787195881 18392579008712278471 12720204758811429779
435 7223332795706323460 18392579008712278471 14442768723096486467
436 6653512377662297771 18392579008712278471 14442768723096486467
437 11703951058877664838 18392579008712278471 12720204758811429779
438 2272936384039403376 18392579008712278471 14442768723096486467
439 11627168694066707159 18392579008712278471 12720204758811429779
440 12701655997100395950 18392579008712278471 14442768723096486467
441 14876585489942157837 18392579008712278471 14442768723096486467
442 4828259156716879914 18392579008712278471 12720204758811429779
443 3158451972916344267 18392579008712278471 14442768723096486467
444 13330600990155604202 18392579008712278471 14442768723096486467
445 8552290469217586793 18392579008712278471 12720204758811429779
446 12168447973488850833 18392579008712278471 14442768723096486467
447 3252207391411320884 18392579008712278471 14442768723096486467
448 12626951563072398544 18392579008712278471 12720204758811429779
449 12541631958316227193 18392579008712278471 14442768723096486467
450 7853892787542487143 18392579008712278471 14442768723096486467
451 9243675950107323080 18392579008712278471 12720204758811429779
452 97541668117093629 18392579008712278471 14442768723096486467
453 9462289088343947991 18392579008712278471 14442768723096486467
454 3297966030076880538 18392579008712278471 12720204758811429779
455 14241706058252255936 18392579008712278471 14442768723096486467
456 3666107098283337656 18392579008712278471 14442768723096486467
457 12553944700231618676 18392579008712278471 12720204758811429779
458 8183506717200152196 18392579008712278471 14442768723096486467
459 778837589662734797 18392579008712278471 12720204758811429779
460 6755627082084960151 18392579008712278471 14442768723096486467
461 18376373713848726095 18392579008712278471 14442768723096486467
462 17315683935037082658 18392579008712278471 12720204758811429779
463 11703530509942267962 18392579008712278471 14442768723096486467
464 14745386080833587590 18392579008712278471 14442768723096486467
465 11895476751635618032 18392579008712278471 12720204758811429779
466 11812714534014434438 18392579008712278471 14442768723096486467
467 8934211568403597640 18392579008712278471 14442768723096486467
468 8859665430677267549 18392579008712278471 12720204758811429779
469 381870993860636098 18392579008712278471 14442768723096486467
470 2416838673605513506 18392579008712278471 14442768723096486467
471 8374351420014600210 18392579008712278471 12720204758811429779
472 12588058662734702310 18392579008712278471 14442768723096486467
473 14579359974200106874 18392579008712278471 14442768723096486467
474 10433323682427123483 18392579008712278471 12720204758811429779
475 4460746112806404973 18392579008712278471 14442768723096486467
476 5639252758367710176 18392579008712278471 14442768723096486467
477 14349313478714402761 18392579008712278471 12720204758811429779
478 9053690755650528100 18392579008712278471 14442768723096486467
479 8138039510382773344 18392579008712278471 12720204758811429779
480 5644582053800538823 18392579008712278471 14442768723096486467
481 10359654327173563643 18392579008712278471 14442768723096486467
482 14665270965058269598 18392579008712278471 12720204758811429779
483 2227633938016279535 18392579008712278471 14442768723096486467
484 13565123470539111694 18392579008712278471 14442768723096486467
485 17484278313715751468 18392579008712278471 12720204758811429779
486 354488415188450950 18392579008712278471 14442768723096486467
487 8968194380102526128 18392579008712278471 14442768723096486467
488 16584685919842887588 18392579008712278471 12720204758811429779
489 3758897158644560594 18392579008712278471 14442768723096486467
490 9882953741664127272 18392579008712278471 14442768723096486467
491 3772237006825544145 18392579008712278471 12720204758811429779
492 1552651676978738741 18392579008712278471 14442768723096486467
493 15511104985307310123 18392579008712278471 14442768723096486467
494 6804746506653813949 18392579008712278471 12720204758811429779
495 3597421171050629451 18392579008712278471 14442768723096486467
496 14200593884095675670 18392579008712278471 14442768723096486467
497 840919445868931936 18392579008712278471 12720204758811429779
498 7545060802532189436 18392579008712278471 14442768723096486467
499 7902986863724656217 18392579008712278471 12720204758811429779
500 17409645397459469791 18392579008712278471 14442768723096486467
501 16798269767224808211 18392579008712278471 14442768723096486467
502 1093796171068755293 18392579008712278471 12720204758811429779
503 14467477375766038287 18392579008712278471 14442768723096486467
504 6177227180127166652 18392579008712278471 14442768723096486467
505 15219921589397217597 18392579008712278471 12720204758811429779
506 14193816494129375620 18392579008712278471 14442768723096486467
507 5296645082416557807 18392579008712278471 14442768723096486467
508 6685029329745597597 18392579008712278471 12720204758811429779
509 3628675172486111685 18392579008712278471 14442768723096486467
510 11765912131463944670 18392579008712278471 14442768723096486467
511 17570926514353853021 18392579008712278471 12720204758811429779
512 14480506233766014184 18392579008712278471 14442768723096486467
513 422449945067515163 18392579008712278471 14442768723096486467
514 5150148675096052884 18392579008712278471 12720204758811429779
515 5948205939145344729 18392579008712278471 14442768723096486467
516 8317941804279718476 18392579008712278471 12720204758811429779
517 15624599692511889208 18392579008712278471 14442768723096486467
518 7973244573980203014 18392579008712278471 14442768723096486467
519 15942324816953762828 18392579008712278471 12720204758811429779
520 1544977320528133394 18392579008712278471 14442768723096486467
521 8298468444180735319 18392579008712278471 14442768723096486467
522 17220185877902270029 18392579008712278471 12720204758811429779
523 17808281534578130660 18392579008712278471 14442768723096486467
524 17391785679053679423 18392579008712278471 14442768723096486467
525 11737495952150348053 18392579008712278471 12720204758811429779
526 12311646249755486908 18392579008712278471 14442768723096486467
527 3475549542329699214 18392579008712278471 14442768723096486467
528 8886401160560816042 18392579008712278471 12720204758811429779
529 6126671577171156553 18392579008712278471 14442768723096486467
530 17461073421060670472 18392579008712278471 14442768723096486467
531 18336783591648709807 18392579008712278471 12720204758811429779
532 10200645045525273868 18392579008712278471 14442768723096486467
533 17753819349259065737 18392579008712278471 14442768723096486467
534 11978077986223580859 18392579008712278471 12720204758811429779
535 17699537797635615976 18392579008712278471 14442768723096486467
536 801060742386505308 18392579008712278471 12720204758811429779
537 15254109576586983749 18392579008712278471 14442768723096486467
538 16375800589241954046 18392579008712278471 14442768723096486467
539 13871813550015288345 18392579008712278471 12720204758811429779
540 3741005956003700514 18392579008712278471 14442768723096486467
541 14041554583202510296 18392579008712278471 14442768723096486467
542 15622450606087161762 18392579008712278471 12720204758811429779
543 776813812690098422 18392579008712278471 14442768723096486467
544 16511837483091558700 18392579008712278471 14442768723096486467
545 5265679762750635837 18392579008712278471 12720204758811429779
546 6145516294288390762 18392579008712278471 14442768723096486467
547 13045252849291984330 18392579008712278471 14442768723096486467
548 14680465966375029935 18392579008712278471 12720204758811429779
549 13462888127997113932 18392579008712278471 14442768723096486467
550 12870542212544854168 18392579008712278471 14442768723096486467
551 14407602090837039388 18392579008712278471 12720204758811429779
552 2660912257002028441 18392579008712278471 14442768723096486467
553 14552293833004365200 18392579008712278471 14442768723096486467
554 9694416829883505566 18392579008712278471 12720204758811429779
555 11991247417921503020 18392579008712278471 14442768723096486467
556 16429714885577416708 18392579008712278471 12720204758811429779
557 11718341213301653638 18392579008712278471 14442768723096486467
558 3294346505364524839 18392579008712278471 14442768723096486467
559 370209993066524618 18392579008712278471 12720204758811429779
560 8240085767983042308 18392579008712278471 14442768723096486467
561 12209677328279239984 18392579008712278471 14442768723096486467
562 2460895861814456189 18392579008712278471 12720204758811429779
563 4962002387824756433 18392579008712278471 14442768723096486467
564 16527862639573539075 18392579008712278471 14442768723096486467
565 15109281434192936167 18392579008712278471 12720204758811429779
566 10040031925733787089 18392579008712278471 14442768723096486467
567 1714705339150535568 18392579008712278471 14442768723096486467
568 10599245913187483829 18392579008712278471 12720204758811429779
569 17004730784639483078 18392579008712278471 14442768723096486467
570 15945772458885103690 18392579008712278471 14442768723096486467
571 8737767139314519130 18392579008712278471 12720204758811429779
572 8610519917102331966 18392579008712278471 14442768723096486467
573 2244756255744967577 18392579008712278471 14442768723096486467
574 691664184919956281 18392579008712278471 12720204758811429779
575 48620986397356661 18392579008712278471 14442768723096486467
576 6765845461845772940 18392579008712278471 12720204758811429779
577 3827735556226312733 18392579008712278471 14442768723096486467
578 9160550272769728873 18392579008712278471 14442768723096486467
579 18225815774015888276 18392579008712278471 12720204758811429779
580 6927401612970324277 18392579008712278471 14442768723096486467
581 5241053660794220485 18392579008712278471 14442768723096486467
582 6769856110140388614 18392579008712278471 12720204758811429779
583 3794914055934914851 18392579008712278471 14442768723096486467
584 226731077224410998 18392579008712278471 14442768723096486467
585 9182140138565001879 18392579008712278471 12720204758811429779
586 10138551886854360749 18392579008712278471 14442768723096486467
587 6588371356248491969 18392579008712278471 14442768723096486467
588 14107857610264732561 18392579008712278471 12720204758811429779
589 8047610508723407804 18392579008712278471 14442768723096486467
590 2317402339789409732 18392579008712278471 14442768723096486467
591 11651691747871075751 18392579008712278471 12720204758811429779
592 8910506525080441547 18392579008712278471 14442768723096486467
593 12877156731514228448 18392579008712278471 14442768723096486467
594 12246828845366022849 18392579008712278471 12720204758811429779
595 15003829212985076283 18392579008712278471 14442768723096486467
596 5647059857389546593 18392579008712278471 12720204758811429779
597 7989080707479603679 18392579008712278471 14442768723096486467
598 17089894615995951841 18392579008712278471 14442768723096486467
599 5460540237367682878 18392579008712278471 12720204758811429779
600 16788535427718468112 18392579008712278471 14442768723096486467
601 712022670420215880 18392579008712278471 14442768723096486467
602 7107815449178996396 18392579008712278471 12720204758811429779
603 16974636101839888908 18392579008712278471 14442768723096486467
604 11538894381344844707 18392579008712278471 14442768723096486467
605 3049783385667705413 18392579008712278471 12720204758811429779
606 18012480733045019158 18392579008712278471 14442768723096486467
607 13559349181813158500 18392579008712278471 14442768723096486467
608 6657509899913821270 18392579008712278471 12720204758811429779
609 7850500716721842309 18392579008712278471 14442768723096486467
610 6190176938881008957 18392579008712278471 14442768723096486467
611 13332072001711756750 18392579008712278471 12720204758811429779
612 13970990952131421646 18392579008712278471 14442768723096486467
613 16456970056420516716 18392579008712278471 14442768723096486467
614 9691965739639658396 18392579008712278471 12720204758811429779
615 1418841977995539593 18392579008712278471 14442768723096486467
616 4223744407910819223 18392579008712278471 12720204758811429779
617 17844210440893854210 18392579008712278471 14442768723096486467
618 11359758412921068426 18392579008712278471 14442768723096486467
619 14868964934850951312 18392579008712278471 12720204758811429779
620 4150551812214857320 18392579008712278471 14442768723096486467
621 14441518217487852916 18392579008712278471 14442768723096486467
622 17591678286883950513 18392579008712278471 12720204758811429779
623 18240981433081775246 18392579008712278471 14442768723096486467
624 4396489737194673218 18392579008712278471 14442768723096486467
625 15290959068606751560 18392579008712278471 12720204758811429779
626 6639346410797688058 18392579008712278471 14442768723096486467
627 15199092479935782467 18392579008712278471 14442768723096486467
628 10001922488786777333 18392579008712278471 12720204758811429779
629 2882467932400477380 18392579008712278471 14442768723096486467
630 7643690369991216849 18392579008712278471 14442768723096486467
631 3325566004013123751 18392579008712278471 12720204758811429779
632 15161583799890346444 18392579008712278471 14442768723096486467
633 637681703346120047 18392579008712278471 14442768723096486467
634 2127676996036646124 18392579008712278471 12720204758811429779
635 17055254478582734288 18392579008712278471 14442768723096486467
636 13750487468232448839 18392579008712278471 12720204758811429779
637 9101421797859723241 18392579008712278471 14442768723096486467
638 10424782561039835257 18392579008712278471 14442768723096486467
639 4386724042698043531 18392579008712278471 12720204758811429779
640 17625025316996039434 18392579008712278471 14442768723096486467
641 5755005616331000941 18392579008712278471 14442768723096486467
642 5715101081697235140 18392579008712278471 12720204758811429779
643 6983723682205885332 18392579008712278471 14442768723096486467
644 16808747528706382754 18392579008712278471 14442768723096486467
645 4988380717255740021 18392579008712278471 12720204758811429779
646 10059739881454515531 18392579008712278471 14442768723096486467
647 8370801451561046387 18392579008712278471 14442768723096486467
648 942763185355920118 18392579008712278471 12720204758811429779
649 4520705918467309605 18392579008712278471 14442768723096486467
650 467831875338921226 18392579008712278471 14442768723096486467
651 17327480363913743926 18392579008712278471 12720204758811429779
652 1113409637694243328 18392579008712278471 14442768723096486467
653 11356445293810213346 18392579008712278471 14442768723096486467
654 10488511301512974923 18392579008712278471 12720204758811429779
655 13834977475523960611 18392579008712278471 14442768723096486467
656 18151879757105485982 18392579008712278471 12720204758811429779
657 5761218225752585777 18392579008712278471 14442768723096486467
658 14099144139778441705 18392579008712278471 14442768723096486467
659 5737696153176548429 18392579008712278471 12720204758811429779
660 13175074464182771722 18392579008712278471 14442768723096486467
661 7349681333418097322 18392579008712278471 14442768723096486467
662 4408561947983419657 18392579008712278471 12720204758811429779
663 11517023269502984699 18392579008712278471 14442768723096486467
664 6779340595935819648 18392579008712278471 14442768723096486467
665 65903953483167048 18392579008712278471 12720204758811429779
666 3912683249671630003 18392579008712278471 14442768723096486467
667 13284620401021127358 18392579008712278471 14442768723096486467
668 9102883279986851533 18392579008712278471 12720204758811429779
669 13563850358716368911 18392579008712278471 14442768723096486467
670 16597113617132245671 18392579008712278471 14442768723096486467
671 12974059243470225488 18392579008712278471 12720204758811429779
672 4056369031724042230 18392579008712278471 14442768723096486467
673 10062879004812076459 18392579008712278471 14442768723096486467
674 14338471727602100056 18392579008712278471 12720204758811429779
675 13173108345308355320 18392579008712278471 14442768723096486467
676 10694126430301971264 18392579008712278471 12720204758811429779
677 7371720600884681659 18392579008712278471 14442768723096486467
678 12092250993142719196 18392579008712278471 14442768723096486467
679 1674836352811368943 18392579008712278471 12720204758811429779
680 4725311409862812951 18392579008712278471 14442768723096486467
681 16560618507351067136 18392579008712278471 14442768723096486467
682 9387195219874862171 18392579008712278471 12720204758811429779
683 15291789166195349272 18392579008712278471 14442768723096486467
684 2615550221485026710 18392579008712278471 14442768723096486467
685 14753635591895286240 18392579008712278471 12720204758811429779
686 4141634969637583714 18392579008712278471 14442768723096486467
687 3796397564905389631 18392579008712278471 14442768723096486467
688 11835949656208460800 18392579008712278471 12720204758811429779
689 17754878263705769159 18392579008712278471 14442768723096486467
690 10050167850028658423 18392579008712278471 14442768723096486467
691 10050001817156830588 18392579008712278471 12720204758811429779
692 13073763860696433732 18392579008712278471 14442768723096486467
693 174118429459406900 18392579008712278471 14442768723096486467
694 16547305322178747609 18392579008712278471 12720204758811429779
695 13988086345892233940 18392579008712278471 14442768723096486467
696 15763724965804341611 18392579008712278471 12720204758811429779
697 5335473452285856770 18392579008712278471 14442768723096486467
698 10488649870922166897 18392579008712278471 14442768723096486467
699 7892705930734493882 18392579008712278471 12720204758811429779
700 14695904537463637570 18392579008712278471 14442768723096486467
701 621759243532957201 18392579008712278471 14442768723096486467
702 8424982271278060821 18392579008712278471 12720204758811429779
703 5184692342736485505 18392579008712278471 14442768723096486467
704 3178260753537856442 18392579008712278471 14442768723096486467
705 16358049601034548263 18392579008712278471 12720204758811429779
706 3555662592142410306 18392579008712278471 14442768723096486467
707 6637800208379777358 18392579008712278471 14442768723096486467
708 10248086670052812876 18392579008712278471 12720204758811429779
709 9024614359050777892 18392579008712278471 14442768723096486467
710 8681394237020043596 18392579008712278471 14442768723096486467
711 1459961317971892668 18392579008712278471 12720204758811429779
712 9736175160088311056 18392579008712278471 14442768723096486467
713 3481796266957572732 18392579008712278471 14442768723096486467
714 16194088504350459016 18392579008712278471 12720204758811429779
715 9392699028857532824 18392579008712278471 14442768723096486467
716 15833051560199754364 18392579008712278471 12720204758811429779
717 2885798836279971524 18392579008712278471 14442768723096486467
718 11363462527918141490 18392579008712278471 14442768723096486467
719 12118140812264921369 18392579008712278471 12720204758811429779
720 2456439555470195618 18392579008712278471 14442768723096486467
721 8045513070133085121 18392579008712278471 14442768723096486467
722 8596573983470968590 18392579008712278471 12720204758811429779
723 6815878702169601517 18392579008712278471 14442768723096486467
724 18427088542437746441 18392579008712278471 14442768723096486467
725 14198298417093179313 18392579008712278471 12720204758811429779
726 3064583819224081934 18392579008712278471 14442768723096486467
727 10670417754003594290 18392579008712278471 14442768723096486467
728 15896012790750136118 18392579008712278471 12720204758811429779
729 3425826680277287826 18392579008712278471 14442768723096486467
730 2892293687023320669 18392579008712278471 14442768723096486467
731 2888360117351878812 18392579008712278471 12720204758811429779
732 11587880098817920674 18392579008712278471 14442768723096486467
733 10522852009815163542 18392579008712278471 14442768723096486467
734 10878262101858040730 18392579008712278471 12720204758811429779
735 4306578538355211177 18392579008712278471 14442768723096486467
736 14258285731432426663 18392579008712278471 12720204758811429779
737 3027323913422056535 18392579008712278471 14442768723096486467
738 13125018359169068211 18392579008712278471 14442768723096486467
739 13887953999735553768 18392579008712278471 12720204758811429779
740 1030503142705833765 18392579008712278471 14442768723096486467
741 13160517408845589781 18392579008712278471 14442768723096486467
742 2869406296377269005 18392579008712278471 12720204758811429779
743 16892161825206929477 18392579008712278471 14442768723096486467
744 5665579034678828453 18392579008712278471 14442768723096486467
745 8721864144988355363 18392579008712278471 12720204758811429779
746 9661768820793021171 18392579008712278471 14442768723096486467
747 4315590557364961986 18392579008712278471 14442768723096486467
748 1975585412153896861 18392579008712278471 12720204758811429779
749 3054212856878268262 18392579008712278471 14442768723096486467
750 9005851896127530330 18392579008712278471 14442768723096486467
751 4352442349352296555 18392579008712278471 12720204758811429779
752 14907317273774897432 18392579008712278471 14442768723096486467
753 15946726353580122448 18392579008712278471 14442768723096486467
754 1624686992730647579 18392579008712278471 12720204758811429779
755 15852439804927110111 18392579008712278471 14442768723096486467
756 17406728847242210946 18392579008712278471 12720204758811429779
757 17727405658594092749 18392579008712278471 14442768723096486467
758 5594555617752570489 18392579008712278471 14442768723096486467
759 14524333655431930494 18392579008712278471 12720204758811429779
760 17464747293513717353 18392579008712278471 14442768723096486467
761 2313952498293807084 18392579008712278471 14442768723096486467
762 6425022910638592242 18392579008712278471 12720204758811429779
763 13081500529802192363 18392579008712278471 14442768723096486467
764 928158543942698325 18392579008712278471 14442768723096486467
765 15700429525054524257 18392579008712278471 12720204758811429779
766 15429084955811625062 18392579008712278471 14442768723096486467
767 5483081069219772368 18392579008712278471 14442768723096486467
768 6973525409620694490 18392579008712278471 12720204758811429779
769 11419480934611466510 18392579008712278471 14442768723096486467
770 952603845595133033 18392579008712278471 14442768723096486467
771 6003292207484573484 18392579008712278471 12720204758811429779
772 2677052518611641267 18392579008712278471 14442768723096486467
773 2015607573703561372 18392579008712278471 14442768723096486467
774 7712662499384933910 18392579008712278471 12720204758811429779
775 5629843778469995202 18392579008712278471 14442768723096486467
776 18378396506288522611 18392579008712278471 12720204758811429779
777 9607532618096922586 18392579008712278471 14442768723096486467
778 4445011415390273851 18392579008712278471 14442768723096486467
779 6558562306916680760 18392579008712278471 12720204758811429779
780 597018268844666475 18392579008712278471 14442768723096486467
781 17223289702137199035 18392579008712278471 14442768723096486467
782 12746739667671948661 18392579008712278471 12720204758811429779
783 2505127599171517231 18392579008712278471 14442768723096486467
784 2983178925617524254 18392579008712278471 14442768723096486467
785 8276036204565636593 18392579008712278471 12720204758811429779
786 5078481319165105073 18392579008712278471 14442768723096486467
787 5443304753883369917 18392579008712278471 14442768723096486467
788 8735955721601789960 18392579008712278471 12720204758811429779
789 1579522280012461486 18392579008712278471 14442768723096486467
790 8519817076999638315 18392579008712278471 14442768723096486467
791 15115643254133873148 18392579008712278471 12720204758811429779
792 9785379233143550259 18392579008712278471 14442768723096486467
793 214445534203244253 18392579008712278471 14442768723096486467
794 14069813173935178611 18392579008712278471 12720204758811429779
795 11146412318588212585 18392579008712278471 14442768723096486467
796 1489370756069353553 18392579008712278471 12720204758811429779
797 3506620229246530215 18392579008712278471 14442768723096486467
798 763061428432298505 18392579008712278471 14442768723096486467
799 17354359367957974712 18392579008712278471 12720204758811429779
800 12838158625274175662 18392579008712278471 14442768723096486467
801 16673972191821038542 18392579008712278471 14442768723096486467
802 8761274740824220299 18392579008712278471 12720204758811429779
803 2822669582138468232 18392579008712278471 14442768723096486467
804 5162005907520612852 18392579008712278471 14442768723096486467
805 17449132975647570641 18392579008712278471 12720204758811429779
806 13069484333537043353 18392579008712278471 14442768723096486467
807 16544229877249142380 18392579008712278471 14442768723096486467
808 6602710369070437979 18392579008712278471 12720204758811429779
809 16481538792255415296 18392579008712278471 14442768723096486467
810 4766682637000773222 18392579008712278471 14442768723096486467
811 16272264178590827112 18392579008712278471 12720204758811429779
812 17612411749128545396 18392579008712278471 14442768723096486467
813 3157610655845342407 18392579008712278471 14442768723096486467
814 13256916897797989109 18392579008712278471 12720204758811429779
815 8738211296279323390 18392579008712278471 14442768723096486467
816 10176508575643375991 18392579008712278471 12720204758811429779
817 3044883207517161351 18392579008712278471 14442768723096486467
818 15391660412189496027 18392579008712278471 14442768723096486467
819 4233087339913992903 18392579008712278471 12720204758811429779
820 4548674610819604131 18392579008712278471 14442768723096486467
821 15382865514550907822 18392579008712278471 14442768723096486467
822 8219214791774261418 18392579008712278471 12720204758811429779
823 5751721824398548466 18392579008712278471 14442768723096486467
824 6387379480656804891 18392579008712278471 14442768723096486467
825 4644548429422633315 18392579008712278471 12720204758811429779
826 2227361882341123999 18392579008712278471 14442768723096486467
827 11658284074790348931 18392579008712278471 14442768723096486467
828 3261722391105172841 18392579008712278471 12720204758811429779
829 18400124538039300941 18392579008712278471 14442768723096486467
830 18416596299494406096 18392579008712278471 14442768723096486467
831 9278841476801127266 18392579008712278471 12720204758811429779
832 15841735212833841735 18392579008712278471 14442768723096486467
833 3762884281537882995 18392579008712278471 14442768723096486467
834 10821224944718338155 18392579008712278471 12720204758811429779
835 12230618868894923762 18392579008712278471 14442768723096486467
836 7372728576420846486 18392579008712278471 12720204758811429779
837 11576973122966870404 18392579008712278471 14442768723096486467
838 3420436346072109002 18392579008712278471 14442768723096486467
839 12151161240774555267 18392579008712278471 12720204758811429779
840 1265548794821369533 18392579008712278471 14442768723096486467
841 18061206265630059099 18392579008712278471 14442768723096486467
842 16515377089700552132 18392579008712278471 12720204758811429779
843 16229968827729463627 18392579008712278471 14442768723096486467
844 10606715802924189753 18392579008712278471 14442768723096486467
845 12119728329701395154 18392579008712278471 12720204758811429779
846 17152175155795180704 18392579008712278471 14442768723096486467
847 4403758486413283574 18392579008712278471 14442768723096486467
848 8896576571432952294 18392579008712278471 12720204758811429779
849 14469698267816232075 18392579008712278471 14442768723096486467
850 4418822291911861855 18392579008712278471 14442768723096486467
851 12035210854635473295 18392579008712278471 12720204758811429779
852 3101212031174119665 18392579008712278471 14442768723096486467
853 18412482268839024018 18392579008712278471 14442768723096486467
854 6215243934740981831 18392579008712278471 12720204758811429779
855 12584043359724169060 18392579008712278471 14442768723096486467
856 3033170946391021014 18392579008712278471 12720204758811429779
857 11931103800818308279 18392579008712278471 14442768723096486467
858 7736584655989465726 18392579008712278471 14442768723096486467
859 6282472903388095798 18392579008712278471 12720204758811429779
860 13518504568910672377 18392579008712278471 14442768723096486467
861 2918742137279393813 18392579008712278471 14442768723096486467
862 15254362882228628811 18392579008712278471 12720204758811429779
863 12064599916500702444 18392579008712278471 14442768723096486467
864 11523326213859207990 18392579008712278471 14442768723096486467
865 12995263678321119794 18392579008712278471 12720204758811429779
866 14733084228706909619 18392579008712278471 14442768723096486467
867 6932603551437012549 18392579008712278471 14442768723096486467
868 1371590871715194529 18392579008712278471 12720204758811429779
869 11650164271809056696 18392579008712278471 14442768723096486467
870 13200922365365679264 18392579008712278471 14442768723096486467
871 18159669813447686721 18392579008712278471 12720204758811429779
872 11750248085975297313 18392579008712278471 14442768723096486467
873 15688986645515980741 18392579008712278471 14442768723096486467
874 1835155002461638917 18392579008712278471 12720204758811429779
875 6085723202436487807 18392579008712278471 14442768723096486467
876 6841456486284647785 18392579008712278471 12720204758811429779
877 2328922765060304541 18392579008712278471 14442768723096486467
878 6181772092996632533 18392579008712278471 14442768723096486467
879 6037585839399136088 18392579008712278471 12720204758811429779
880 13946219133690126889 18392579008712278471 14442768723096486467
881 695126004664774242 18392579008712278471 14442768723096486467
882 13643222615065901070 18392579008712278471 12720204758811429779
883 10267794677095058601 18392579008712278471 14442768723096486467
884 17900815326015054410 18392579008712278471 14442768723096486467
885 17710898673235523901 18392579008712278471 12720204758811429779
886 5857811335771148343 18392579008712278471 14442768723096486467
887 3686245630722988908 18392579008712278471 14442768723096486467
888 11433036609327105790 18392579008712278471 12720204758811429779
889 7134324388031586472 18392579008712278471 14442768723096486467
890 15340544369018493721 18392579008712278471 14442768723096486467
891 5022168900267630844 18392579008712278471 12720204758811429779
892 10158725788523559228 18392579008712278471 14442768723096486467
893 1391116224605279561 18392579008712278471 14442768723096486467
894 5809311021832063922 18392579008712278471 12720204758811429779
895 13125575626482706127 18392579008712278471 14442768723096486467
896 14983668835702727532 18392579008712278471 12720204758811429779
897 2158886285205585864 18392579008712278471 14442768723096486467
898 7305521610682057511 18392579008712278471 14442768723096486467
899 4717259314192358861 18392579008712278471 12720204758811429779
900 4029440509800120004 18392579008712278471 14442768723096486467
901 9265215201125615502 18392579008712278471 14442768723096486467
902 9231289482597379399 18392579008712278471 12720204758811429779
903 4814248670673704429 18392579008712278471 14442768723096486467
904 6229875948856793587 18392579008712278471 14442768723096486467
905 2694708466096791396 18392579008712278471 12720204758811429779
906 11789559295979676704 18392579008712278471 14442768723096486467
907 15130598043858929250 18392579008712278471 14442768723096486467
908 13855991897377914307 18392579008712278471 12720204758811429779
909 14647795735845639573 18392579008712278471 14442768723096486467
910 3074636407141139395 18392579008712278471 14442768723096486467
911 7229448709889032788 18392579008712278471 12720204758811429779
912 16274457917483903760 18392579008712278471 14442768723096486467
913 12820658176014211891 18392579008712278471 14442768723096486467
914 16945081847792334379 18392579008712278471 12720204758811429779
915 14687312379247874191 18392579008712278471 14442768723096486467
916 14252830160641612078 18392579008712278471 12720204758811429779
917 9889739245257358122 18392579008712278471 14442768723096486467
918 13488410691915378316 18392579008712278471 14442768723096486467
919 669808586818782275 18392579008712278471 12720204758811429779
920 7792860341607867265 18392579008712278471 14442768723096486467
921 8527351658265741392 18392579008712278471 14442768723096486467
922 7313803383615500901 18392579008712278471 12720204758811429779
923 13554185566567362563 18392579008712278471 14442768723096486467
924 137666960827616241 18392579008712278471 14442768723096486467
925 3300864847932181244 18392579008712278471 12720204758811429779
926 6935581844845275937 18392579008712278471 14442768723096486467
927 9083698550243851186 18392579008712278471 14442768723096486467
928 16957761062140850253 18392579008712278471 12720204758811429779
929 12050016134398750713 18392579008712278471 14442768723096486467
930 15079338854116812720 18392579008712278471 14442768723096486467
931 7311728887266235366 18392579008712278471 12720204758811429779
932 947112992865225646 18392579008712278471 14442768723096486467
933 300064084506100425 18392579008712278471 14442768723096486467
934 16666893617013957525 18392579008712278471 12720204758811429779
935 3914238629525657057 18392579008712278471 14442768723096486467
936 6934795839525277246 18392579008712278471 12720204758811429779
937 4491179927815407799 18392579008712278471 14442768723096486467
938 1508200266646777817 18392579008712278471 14442768723096486467
939 11944767472263110382 18392579008712278471 12720204758811429779
940 1461916668768890260 18392579008712278471 14442768723096486467
941 10196487309453904462 18392579008712278471 14442768723096486467
942 12816687002317864191 18392579008712278471 12720204758811429779
943 17447292233174383826 18392579008712278471 14442768723096486467
944 2803796944763799709 18392579008712278471 14442768723096486467
945 8891270506176183283 18392579008712278471 12720204758811429779
946 6236059804647339807 18392579008712278471 14442768723096486467
947 5190257064200946854 18392579008712278471 14442768723096486467
948 4523708127440962009 18392579008712278471 12720204758811429779
949 18086384794555618379 18392579008712278471 14442768723096486467
950 6875516683882495066 18392579008712278471 14442768723096486467
951 15305954854790885261 18392579008712278471 12720204758811429779
952 13652109484513101260 18392579008712278471 14442768723096486467
953 10876114640554261467 18392579008712278471 14442768723096486467
954 2739257852395315428 18392579008712278471 12720204758811429779
955 4630979081718109020 18392579008712278471 14442768723096486467
956 1181376703653640992 18392579008712278471 12720204758811429779
957 17392777975888251176 18392579008712278471 14442768723096486467
958 17064653480842544214 18392579008712278471 14442768723096486467
959 7133067455381932297 18392579008712278471 12720204758811429779
960 18016366500083219125 18392579008712278471 14442768723096486467
961 16813009843657268939 18392579008712278471 14442768723096486467
962 14403429678076155417 18392579008712278471 12720204758811429779
963 6888474167601731825 18392579008712278471 14442768723096486467
964 5940758688123651040 18392579008712278471 14442768723096486467
965 16113273061804712458 18392579008712278471 12720204758811429779
966 7366267567894237619 18392579008712278471 14442768723096486467
967 13669203345722857481 18392579008712278471 14442768723096486467
968 15225239281702686747 18392579008712278471 12720204758811429779
969 6453356726738208854 18392579008712278471 14442768723096486467
970 2036986849481710065 18392579008712278471 14442768723096486467
971 2695795683137325011 18392579008712278471 12720204758811429779
972 13852869814405801936 18392579008712278471 14442768723096486467
973 8634174267665093638 18392579008712278471 14442768723096486467
974 8229174148239080217 18392579008712278471 12720204758811429779
975 17803143614242241646 18392579008712278471 14442768723096486467
976 549020039364686222 18392579008712278471 12720204758811429779
977 14958059276261713995 18392579008712278471 14442768723096486467
978 9942993466815758300 18392579008712278471 14442768723096486467
979 342115742710409885 18392579008712278471 12720204758811429779
980 16768432799167262478 18392579008712278471 14442768723096486467
981 2989120563982424018 18392579008712278471 14442768723096486467
982 16344444892555452767 18392579008712278471 12720204758811429779
983 14597304881322062140 18392579008712278471 14442768723096486467
984 3926497568515674864 18392579008712278471 14442768723096486467
985 9639747483697135829 18392579008712278471 12720204758811429779
986 4230346130263559569 18392579008712278471 14442768723096486467
987 9956064342910986297 18392579008712278471 14442768723096486467
988 7045788442117367946 18392579008712278471 12720204758811429779
989 15529013877418687637 18392579008712278471 14442768723096486467
990 2257467816223356643 18392579008712278471 14442768723096486467
991 357362738116155263 18392579008712278471 12720204758811429779
992 4887207599092590105 18392579008712278471 14442768723096486467
993 15145702214514514277 18392579008712278471 14442768723096486467
994 5442511758798930891 18392579008712278471 12720204758811429779
995 17558110174658031138 18392579008712278471 14442768723096486467
996 4682305826995430021 18392579008712278471 12720204758811429779
997 1459321594220323738 18392579008712278471 14442768723096486467
998 12054622993678970031 18392579008712278471 14442768723096486467
999 6769074919228902871 18392579008712278471 12720204758811429779
