0 18002118228280751777 18392579008712278471 16759792958453030887
1 7322277089152005676 18392579008712278471 9931517938563476895
2 2507944164001143435 18392579008712278471 6504910491574298043
3 4613334477071674735 18392579008712278471 2972522600745373299
4 3643584246568393533 18392579008712278471 16091874484310999459
5 18215535530184259205 18392579008712278471 7697351556324095795
6 122197188602930956 18392579008712278471 655604537481181707
7 14410725242797198055 18392579008712278471 10530154588915791911
8 17272977431369242933 18392579008712278471 17071037647462168391
9 3062298139216596196 18392579008712278471 16910820147816000191
10 4636010984188579912 18392579008712278471 15131254197789513103
11 15340931590281503211 18392579008712278471 12858005258014005763
12 18004163585380052815 18392579008712278471 4064922773421958063
13 16598704279895539514 18392579008712278471 9058697933554365695
14 846510523306614136 18392579008712278471 15935763586884879199
15 14546225278050191931 18392579008712278471 1978183290434918251
16 2814747753590161291 18392579008712278471 2684295954553130643
17 7109692406774481983 18392579008712278471 12069841872486280411
18 7326676595384416287 18392579008712278471 11966797788354956019
19 11405117318399616456 18392579008712278471 6705495787336051291
